31403100102  0721 0746 0723 S29W37SFE       24                     LEAR3        11039 091230.5 00010
31403100102  0803 0811 0803 S29W37SFE       10                     LEAR3        11039 091230.5 00020
31403100102  0905 0914 0906 S29W39SFE       30                     LEAR3        11039 091230.4 00030
31403100102  0915 0921 0917 S29W38SFE       94                     LEAR3        11039 091230.5 00040
31649100102  2241 2259 2246 S27W44SFE       36                     HOLL3UF      11039 091230.6 00050
31649100102  2301     D2312 S32W481FE      121                     HOLL3FH      11039 091230.2 00060
31403100103  0120 0155 0121 S30W521NE      100                     LEAR3E       11039 091230.1 00070
31649100103  1601 1611 1601 S27W58SFE       18                     HOLL3F       11039 091230.2 00080
31649100103  2047 2051 2047 S27W61SFE       10                     HOLL3        11039 091230.2 00090
31403100104  0339 0346 0342 S29W65SFE       52                     LEAR3        11039 091230.1 00100
31403100110  0009 0011 0009 N30E39SFE       15                     LEAR2        11040 100113.1 00110
31403100110  0115 0128 0119 N30E39SFE       28                     LEAR3        11040 100113.1 00120
31403100110  0129 0147 0130 N30E39SFE       11                     LEAR3        11040 100113.1 00130
31403100110  0152 0319 0242 N30E34SFE       16                     LEAR3        11040 100112.7 00140
31403100110  0321 0331 0327 N30E34SFE       14                     LEAR3        11040 100112.8 00150
31403100114  0115 0144 0119 N26W18SFE       38                     LEAR3        11040 100112.6 00160
31403100114  0338E0354 0338 N26W19SFE       23                     LEAR3E       11040 100112.7 00170
31403100118  0040 0044 0041 N28W70SFE       14                     LEAR3        11040 100112.5 00180
31403100119  0128 0132 0130 N24W88SFE       45                     LEAR3        11040 100112.3 00190
31403100119  2314 2324 2321 S25E924FE                              LEAR3        11041 100127.1 00200
31403100119  2326 2330 2326 S27E884FE                              LEAR3        11041 100126.8 00210
31403100119  2333 2348 2334 S25E924FE                              LEAR3        11041 100127.1 00220
31403100120  0702 0715 0706 S25E92SFE       54                     LEAR3        11041 100127.4 00230
31403100120  0728 0735 0728 S24E87SFE       25                     LEAR3        11041 100127.0 00240
31403100120  0742 0758 0756 S24E88SFE       22                     LEAR3YE      11041 100127.1 00250
31403100120  0817 0824 0821 S24E88SFE       18                     LEAR3        11041 100127.1 00260
31403100120  0923 0929 0923 S24E88SFE       14                     LEAR3        11041 100127.2 00270
31649100120  1731 1737 1731 S26E83SFE       45                     HOLL3        11041 100127.2 00280
31649100120  1753 1810 1755 S26E81SFE       70                     HOLL3H       11041 100127.0 00290
31403100121  0119 0125 0121 S24E79SFE       33                     LEAR3E       11041 100127.1 00300
31403100121  0321 0327 0324 S25E75SFE       21                     LEAR3        11041 100127.0 00310
31649100130  2306 2311D2310 N25E36SFE       12                     HOLL3EH      11043 1002 2.7 00320
31403100131  0151 0201 0154 N25E35SFE       14                     LEAR3        11043 1002 2.8 00330
31403100131  0500 0514 0502 N25E33SFE       18                     LEAR3        11043 1002 2.8 00340
