:Product: Daily Solar Data         quar_DSD.txt
:Issued: 0225 UT 15 Jun 2015
#
#  Prepared by the U.S. Dept. of Commerce, NOAA, Space Weather Prediction Center
#  Please send comments and suggestions to SWPC.Webmaster@noaa.gov
#
#                Quarterly Daily Solar Data
#
#                         Sunspot       Stanford GOES15
#           Radio  SESC     Area          Solar  X-Ray  ------ Flares ------
#           Flux  Sunspot  10E-6   New     Mean  Bkgd    X-Ray      Optical
#  Date     10.7cm Number  Hemis. Regions Field  Flux   C  M  X  S  1  2  3
#--------------------------------------------------------------------------- 
2015 04 01  124     69      520      1    -999   B3.9   0  0  0  0  0  0  0
2015 04 02  121     31      280      0    -999   B4.1   2  0  0  2  0  0  0
2015 04 03  120     29       70      1    -999   B4.1   1  0  0  0  0  0  0
2015 04 04  122     68      130      2    -999   B3.9   3  0  0  0  0  0  0
2015 04 05  122     66      230      0    -999   B4.8   2  0  0  1  0  0  0
2015 04 06  126     78      220      0    -999   B4.1   2  0  0  2  1  0  0
2015 04 07  111     39      280      0    -999   B3.3   1  0  0  6  0  0  0
2015 04 08  106     40      170      0    -999   B2.0   1  1  0  2  1  0  0
2015 04 09  113     37      150      0    -999   B2.5   5  0  0 13  3  0  0
2015 04 10  115     34      140      0    -999   B4.0   4  0  0  5  1  0  0
2015 04 11  123     74      330      3    -999   B6.3   4  0  0 10  0  0  0
2015 04 12  134     64      720      0    -999   B8.3  11  1  0  5  1  0  0
2015 04 13  141     68      740      0    -999   B7.8   9  0  0 16  1  0  0
2015 04 14  147     97     1290      2    -999   B6.6   0  0  0  1  0  0  0
2015 04 15  155     85     1150      0    -999   B6.7   2  0  0  4  0  1  0
2015 04 16  150     85      920      1    -999   B7.5   7  0  0 12  2  0  0
2015 04 17  150     93      880      1    -999   B5.4   6  0  0  7  0  0  0
2015 04 18  148    114      840      1    -999   B5.3   3  0  0  4  2  0  0
2015 04 19  152    142      880      1    -999   B5.4   3  0  0  0  0  0  0
2015 04 20  150    125      750      1    -999   B5.6   3  0  0  9  1  0  0
2015 04 21  154    153      670      2    -999   B9.0   4  7  0 16  0  1  0
2015 04 22  150    134      630      1    -999   B9.0   9  1  0 13  1  0  0
2015 04 23  141    110      630      0    -999   B8.6  10  1  0 17  0  0  0
2015 04 24  135     79      480      0    -999   B7.1  10  0  0 14  0  0  0
2015 04 25  126     77      550      0    -999   B5.1   1  0  0  5  0  0  0
2015 04 26  119     55      530      0    -999   B3.8   2  0  0  1  0  0  0
2015 04 27  108     42      240      0    -999   B2.7   0  0  0  0  0  0  0
2015 04 28  108     36      240      0    -999   B2.7   1  0  0  0  1  0  0
2015 04 29  104     26       30      0    -999   B2.8   1  0  0  0  0  0  0
2015 04 30  102     27       50      2    -999   B2.8   1  0  0  0  0  0  0
2015 05 01  100     13       70      0    -999   B2.2   1  0  0  1  0  0  0
2015 05 02  106     25      220      0    -999   B2.7   0  0  0  6  0  0  0
2015 05 03  111     67      200      3    -999   B4.5   6  0  0 12  0  0  0
2015 05 04  125     85      370      0    -999   B5.6   8  0  0 11  1  0  0
2015 05 05  128     99      650      1    -999   B8.4  18  4  1 17  1  1  0
2015 05 06  136    110      940      0    -999   B8.6   9  1  0 18  1  0  0
2015 05 07  147    131     1080      2    -999   B7.0   8  0  0 17  1  0  0
2015 05 08  150    134     1230      0    -999   B6.1   9  0  0  6  1  0  0
2015 05 09  155    136     1060      1    -999   B6.1   5  0  0 13  0  0  0
2015 05 10  160    134     1060      2    -999   B6.9   7  0  0 11  0  0  0
2015 05 11  163    188     1130      3    -999   B7.4   7  0  0 23  1  0  0
2015 05 12  163    170      910      0    -999   B7.0   4  0  0 11  1  0  0
2015 05 13  157    135      590      0    -999   B7.0   7  0  0 17  2  0  0
2015 05 14  145    126      750      1    -999   B6.5   7  0  0  8  1  0  0
2015 05 15  137    113      640      0    -999   B5.1   7  0  0 13  0  0  0
2015 05 16  131    103      590      0    -999   B5.0   0  0  0  2  0  0  0
2015 05 17  120     75      510      0    -999   B4.0   0  0  0  2  0  0  0
2015 05 18  115     83      340      2    -999   B4.4   2  0  0  2  0  0  0
2015 05 19  110     84      220      1    -999   B3.4   1  0  0  4  0  0  0
2015 05 20  106     61      130      0    -999   B2.7   2  0  0  3  0  0  0
2015 05 21  102     36       70      0    -999   B2.0   1  0  0  8  0  0  0
2015 05 22   99     81      160      2    -999   B2.0   1  0  0  3  0  0  0
2015 05 23   98     69      150      1    -999   B1.9   3  0  0  5  0  0  0
2015 05 24   99     74      180      1    -999   B1.8   0  0  0  0  0  0  0
2015 05 25   97     63      180      0    -999   B1.7   0  0  0  0  0  0  0
2015 05 26   95     46       90      0    -999   B2.2   0  0  0  2  0  0  0
2015 05 27   95     24       40      0    -999   B2.0   1  0  0  1  0  0  0
2015 05 28   93     11       60      1    -999   B1.6   0  0  0  0  0  0  0
2015 05 29   92     23       70      1    -999   B1.5   0  0  0  0  0  0  0
2015 05 30   95     27       90      0    -999   B1.8   0  0  0  0  0  0  0
2015 05 31   94     47      140      1    -999   B2.0   0  0  0  2  0  0  0
2015 06 01  100     38      100      1    -999   B2.2   0  0  0  0  0  0  0
2015 06 02  101     39      110      0    -999   B2.4   1  0  0  2  0  0  0
2015 06 03  109     55      140      1    -999   B3.1   1  0  0  2  0  0  0
2015 06 04  118     80      340      2    -999   B4.4   2  0  0  8  0  0  0
2015 06 05  126    105      420      1    -999   B4.1   5  0  0  5  0  0  0
2015 06 06  133    129      580      2    -999   B4.0   2  0  0  3  0  0  0
2015 06 07  137    136      560      1    -999   B4.4   5  0  0  2  0  0  0
2015 06 08  134    122      420      0    -999   B4.3   0  0  0  1  0  0  0
2015 06 09  137    110      350      0    -999   B5.3   2  0  0  2  1  0  0
2015 06 10  135    105      250      0    -999   B6.0   9  0  0  4  0  0  0
2015 06 11  140    101      320      1    -999   B7.1  19  1  0 20  1  0  0
2015 06 12  137     96      630      0    -999   B8.1  10  0  0 20  3  0  0
2015 06 13  136     97      610      2    -999   B8.9  14  1  0 19  0  0  0
2015 06 14  132    117      550      1    -999   B7.5   5  1  0  1  0  0  0
