:Product: Daily Solar Data         quar_DSD.txt
:Issued: 2025 UT 07 Apr 2015
#
#  Prepared by the U.S. Dept. of Commerce, NOAA, Space Weather Prediction Center
#  Please send comments and suggestions to SWPC.Webmaster@noaa.gov
#
#                Quarterly Daily Solar Data
#
#                         Sunspot       Stanford GOES15
#           Radio  SESC     Area          Solar  X-Ray  ------ Flares ------
#           Flux  Sunspot  10E-6   New     Mean  Bkgd    X-Ray      Optical
#  Date     10.7cm Number  Hemis. Regions Field  Flux   C  M  X  S  1  2  3
#--------------------------------------------------------------------------- 
2015 01 01  138    101      870      1    -999   B4.9   3  0  0  9  0  0  0
2015 01 02  146    113     1250      1    -999   B4.9   3  0  0  9  0  0  0
2015 01 03  149    122     1300      0    -999   B5.7  10  1  0 13  1  0  0
2015 01 04  150    124     1220      0    -999   B6.7   5  1  0 13  0  1  0
2015 01 05  142     89      920      0    -999   B7.2   6  0  0  8  1  1  0
2015 01 06  142    102      680      2    -999   B7.2   6  0  0  4  1  0  0
2015 01 07  147    106      490      0    -999   B7.0   6  0  0  6  1  0  0
2015 01 08  157    101      550      1    -999   B8.0   5  0  0  3  1  0  0
2015 01 09  151    125      980      2    -999   B7.7   5  0  0  2  1  0  0
2015 01 10  152    146      940      1    -999   B6.9   5  0  0  7  0  0  0
2015 01 11  154    133      980      0    -999   B8.2   8  0  0 15  0  0  0
2015 01 12  159    111      950      0    -999   C1.0   7  0  0 18  0  0  0
2015 01 13  146     93      840      0    -999   B7.5   3  2  0  5  0  1  0
2015 01 14  142     89      570      0    -999   B9.1  14  1  0 10  0  0  0
2015 01 15  131     62      270      1    -999   B6.5   5  0  0  5  0  0  0
2015 01 16  125     75      220      1    -999   B5.2   1  0  0  8  0  0  0
2015 01 17  122     49      120      0    -999   B4.6   0  0  0  5  0  0  0
2015 01 18  126     78      150      2    -999   B4.6   2  0  0  3  0  0  0
2015 01 19  130     62      250      1    -999   B5.1   3  0  0  2  0  0  0
2015 01 20  126     57      210      0    -999   B4.9   2  0  0  1  0  0  0
2015 01 21  124     50      160      0    -999   B6.0   7  0  0  2  0  0  0
2015 01 22  120     63      370      2    -999   B4.5   6  1  0  0  0  0  0
2015 01 23  121     70      530      1    -999   B4.1   6  0  0  7  0  0  0
2015 01 24  125     57      540      0    -999   B3.6   3  0  0  2  1  0  0
2015 01 25  127     65      460      1    -999   B4.3   4  0  0  0  0  0  0
2015 01 26  147    110      580      4    -999   B7.0   6  1  0 14  0  0  0
2015 01 27  158    119      840      0    -999   B9.6   5  0  0 16  0  0  0
2015 01 28  159    140      850      2    -999   B9.5   6  2  0  7  1  1  0
2015 01 29  165    181     1160      1    -999   B9.4  16  1  0 20  3  0  0
2015 01 30  159    193     1450      0    -999   B8.6   4  3  0  4  0  0  0
2015 01 31  154    153     1320      0    -999   B6.3   5  0  0  2  0  0  0
2015 02 01  142    132     1030      0    -999   B7.0   6  0  0  6  0  1  0
2015 02 02  144    117      680      2    -999   B6.8   3  0  0  9  1  0  0
2015 02 03  149    112      830      1    -999   B7.8   7  0  0 22  1  0  0
2015 02 04  145     85      700      0    -999   B7.5   2  1  0 13  0  1  0
2015 02 05  142     86      560      0    -999   B5.9   3  0  0  4  1  0  0
2015 02 06  143     71      440      0    -999   B6.2   3  0  0 10  0  0  0
2015 02 07  153     80      480      1    -999   B7.5   7  0  0  7  0  0  0
2015 02 08  153     94      510      0    -999   B7.3   7  0  0 16  2  0  0
2015 02 09  146     82      470      0    -999   B8.0   9  1  0 15  0  0  0
2015 02 10  141     82      610      0    -999   B9.1   5  0  0 10  1  0  0
2015 02 11  131     76      510      0    -999   B5.2   2  0  0  3  0  0  0
2015 02 12  128     50      400      1    -999   B4.6   2  0  0  4  1  0  0
2015 02 13  125     59      290      1    -999   B4.3   0  0  0  3  0  0  0
2015 02 14  120     49      250      0    -999   B3.8   0  0  0  1  0  0  0
2015 02 15  120     45      240      1    -999   B3.6   0  0  0  1  0  0  0
2015 02 16  118     44      220      0    -999   B3.6   0  0  0  0  0  0  0
2015 02 17  119     40      180      0    -999   B3.8   0  0  0  1  0  0  0
2015 02 18  121     95      250      5    -999   B4.0   2  0  0  7  1  0  0
2015 02 19  119     86      240      0    -999   B3.8   2  0  0  5  0  0  0
2015 02 20  120     53      100      0    -999   B4.2   3  0  0  6  0  0  0
2015 02 21  116     54      110      0    -999   B3.3   2  0  0  1  0  0  0
2015 02 22  118     49       70      1    -999   B3.0   0  0  0  0  0  0  0
2015 02 23  117     44       80      1    -999   B3.3   1  0  0  1  0  0  0
2015 02 24  114     63      120      0    -999   B2.8   1  0  0  1  0  0  0
2015 02 25  111     64      100      0    -999   B2.8   0  0  0  0  0  0  0
2015 02 26  111     39       70      1    -999   B2.5   0  0  0  0  0  0  0
2015 02 27  118     58      200      1    -999   B3.3   1  0  0  3  0  0  0
2015 02 28  123     70      220      0    -999   B4.4   7  0  0  7  0  0  0
2015 03 01  128     66      210      0    -999   B6.2   3  0  0 10  0  0  0
2015 03 02  130     65      170      0    -999   B9.4  14  4  0  4  1  0  0
2015 03 03  125     38      140      0    -999   B5.2   5  1  0  4  0  0  0
2015 03 04  124     43      250      0    -999   B5.1   3  0  0  4  1  0  0
2015 03 05  130     31       75      1    -999   B6.7   4  1  0  0  0  0  0
2015 03 06  127     37       50      2    -999   C1.0   6  2  0  1  0  0  0
2015 03 07  138     20      180      0    -999   B5.9   4  1  0  2  0  0  0
2015 03 08  124     23      260      0    -999   B6.6   2  0  0  6  2  0  0
2015 03 09  123     29      260      0    -999   B5.0  13  2  0 14  6  1  0
2015 03 10  121     42      280      0    -999   B5.4  13  2  0 21  0  1  0
2015 03 11  132     42      360      1    -999   B6.8  14  3  1  8  3  1  0
2015 03 12  127     56      360      1    -999   B9.5  10  5  0  0  0  1  0
2015 03 13  119     87      470      2    -999   B4.8   6  2  0  4  0  0  0
2015 03 14  116     56      350      0    -999   B4.1  12  1  0 13  1  1  0
2015 03 15  114     54      390      0    -999   B4.6   7  2  0 11  2  0  0
2015 03 16  117     57      390      0    -999   B3.6   6  1  0  9  2  1  0
2015 03 17  114     60      810      2    -999   B3.3   2  1  0  4  0  1  0
2015 03 18  115     44      470      0    -999   B6.0  18  0  0 18  1  0  0
2015 03 19  109     71      420      1    -999   B3.5   2  0  0  8  0  0  0
2015 03 20  113     27      120      0    -999   B4.8   1  0  0  0  0  0  0
2015 03 21  114     40      260      2    -999   B4.0   2  0  0  0  0  0  0
2015 03 22  122     88      380      3    -999   B4.0   2  0  0  0  0  0  0
2015 03 23  128    119      540      3    -999   B4.7   3  0  0  2  0  0  0
2015 03 24  133    127      580      1    -999   B4.8   2  0  0  8  0  0  0
2015 03 25  138    115      650      0    -999   B5.4   8  0  0  8  1  0  0
2015 03 26  136    103      590      1    -999   B4.5   4  0  0  5  0  0  0
2015 03 27  138    109      600      0    -999   B5.0   5  0  0  8  0  0  0
2015 03 28  146     82      580      1    -999   B7.9  10  0  0 12  0  0  0
2015 03 29  145     73      450      1    -999   B9.1   8  0  0 16  0  0  0
2015 03 30  134     56      490      0    -999   B6.6   5  0  0  0  0  0  0
2015 03 31  128     53      350      0    -999   B4.7   0  0  0  0  0  0  0
