Magnetic storm list (all storms)
Minimum Dst time   Dst duration    Start time         End time
YYYY  MM  DD  HH    nT dd hh   YYYY  MM  DD  HH   YYYY  MM  DD  HH
1992   1   8  19   -51  0 16   1992   1   8   9   1992   1   9   1
1992   1  11  21   -93  1 11   1992   1  10  22   1992   1  12   9
1992   1  13  13   -71  0 23   1992   1  13   2   1992   1  14   1
1992   2   3   8  -184  5 10   1992   2   1  14   1992   2   7   0
1992   2   7  13   -69  1  3   1992   2   7   2   1992   2   8   5
1992   2   9   8  -215  5 16   1992   2   8   6   1992   2  13  22
1992   2  26  22  -193 11 15   1992   2  20  10   1992   3   3   1
1992   3  16  21   -53  0 12   1992   3  16  16   1992   3  17   4
1992   3  21  18   -77  4 14   1992   3  21  14   1992   3  26   4
1992   3  30   0   -63  2 11   1992   3  28  20   1992   3  31   7
1992   4   3  16  -115  2 15   1992   4   3   7   1992   4   5  22
1992   4   6   7   -62  0 17   1992   4   6   4   1992   4   6  21
1992   4  20   5   -64  1 17   1992   4  19  14   1992   4  21   7
1992   5   8  18   -73  1  4   1992   5   8   0   1992   5   9   4
1992   5  10  14  -297  6 21   1992   5  10   3   1992   5  17   0
1992   5  19  20   -62  1 11   1992   5  18  21   1992   5  20   8
1992   5  22  16  -111  2  8   1992   5  22   6   1992   5  24  14
1992   6   8   5   -91  2  7   1992   6   7  21   1992   6  10   4
1992   6  11  21   -71  0 17   1992   6  11  14   1992   6  12   7
1992   6  12  15   -52  0 12   1992   6  12  14   1992   6  13   2
1992   6  18  21   -87  0 15   1992   6  18  19   1992   6  19  10
1992   6  29   5   -54  0 12   1992   6  29   4   1992   6  29  16
1992   6  30   3   -98  1 13   1992   6  29  18   1992   7   1   7
1992   7  22  19   -75  1  3   1992   7  22   7   1992   7  23  10
1992   8   5   8   -81  0 16   1992   8   5   3   1992   8   5  19
1992   8   8   7   -56  0 19   1992   8   8   5   1992   8   9   0
1992   8  23   2  -113  1  8   1992   8  23   0   1992   8  24   8
1992   9   3   7   -75  2 16   1992   9   3   6   1992   9   5  22
1992   9   9  13  -135  3 15   1992   9   9  10   1992   9  13   1
1992   9  17   9  -141  2  5   1992   9  17   2   1992   9  19   7
1992   9  22   3   -68  0 13   1992   9  21  22   1992   9  22  11
1992   9  29  11  -116  5 10   1992   9  28  21   1992  10   4   7
1992  10   9  15   -77  0 15   1992  10   9  11   1992  10  10   2
1992  10  12  11   -88  1 21   1992  10  11  12   1992  10  13   9
1992  10  27  16   -54  1 12   1992  10  27   7   1992  10  28  19
1992  10  29  18   -63  2  6   1992  10  28  20   1992  10  31   2
1992  11   2   6   -74  0 16   1992  11   1  23   1992  11   2  15
1992  11   3   7   -70  0 15   1992  11   3   3   1992  11   3  18
1992  11   4  16   -68  2  0   1992  11   3  20   1992  11   5  20
1992  11   6  14   -53  1 14   1992  11   5  22   1992  11   7  12
1992  11   9  15   -98  0 16   1992  11   9   7   1992  11   9  23
1992  11  10   6   -51  0 13   1992  11  10   2   1992  11  10  15
1992  11  23   5   -77  0 23   1992  11  23   0   1992  11  23  23
1992  12   1   9   -54  0 20   1992  11  30  15   1992  12   1  11
1992  12  17  20   -67  0 18   1992  12  17  17   1992  12  18  11
1992  12  29   6  -108  2  7   1992  12  28  14   1992  12  30  21
1993   2   1   0   -82  1  6   1993   1  31   8   1993   2   1  14
1993   2   1  23   -52  0 18   1993   2   1  15   1993   2   2   9
1993   2   8   7   -62  0 18   1993   2   7  18   1993   2   8  12
1993   2  17  15  -108  1 20   1993   2  17  13   1993   2  19   9
1993   2  20   8   -53  0  5   1993   2  20   6   1993   2  20  11
1993   3   4   1   -59  0 16   1993   3   3  19   1993   3   4  11
1993   3   7   7   -59  0 23   1993   3   7   5   1993   3   8   4
1993   3   9   6  -138  2  3   1993   3   9   0   1993   3  11   3
1993   3  11  18  -120  1 18   1993   3  11  10   1993   3  13   4
1993   3  13  19   -64  0 11   1993   3  13  16   1993   3  14   3
1993   3  15  16   -91  2  8   1993   3  15   6   1993   3  17  14
1993   3  17  23   -52  0 17   1993   3  17  21   1993   3  18  14
1993   3  24   7   -81  1  5   1993   3  24   2   1993   3  25   7
1993   3  29   5   -63  0 20   1993   3  28  17   1993   3  29  13
1993   3  30  17   -51  0 20   1993   3  30   7   1993   3  31   3
1993   4   5   6  -169  1 18   1993   4   4  16   1993   4   6  10
1993   4   6  22   -53  0 23   1993   4   6  13   1993   4   7  12
1993   4   8  18   -61  0 13   1993   4   8  14   1993   4   9   3
1993   4  10   4   -60  1  4   1993   4   9  17   1993   4  10  21
1993   4  12   4   -57  0  7   1993   4  12   2   1993   4  12   9
1993   4  13  16   -53  0 15   1993   4  13   8   1993   4  13  23
1993   4  15   8   -58  0 18   1993   4  15   0   1993   4  15  18
1993   5   8   8   -73  0 23   1993   5   8   0   1993   5   8  23
1993   5  10  10   -98  3  1   1993   5   9   1   1993   5  12   2
1993   5  12  21   -61  1 12   1993   5  12   3   1993   5  13  15
1993   6   4  14   -68  2 12   1993   6   4   4   1993   6   6  16
1993   6  11   3   -54  0 16   1993   6  10  22   1993   6  11  14
1993   7   3   0   -67  0 16   1993   7   2  16   1993   7   3   8
1993   8   5   0   -73  0 19   1993   8   4  22   1993   8   5  17
1993   8  17   2   -78  1 22   1993   8  16   0   1993   8  17  22
1993   8  27  18   -87  0 17   1993   8  27  16   1993   8  28   9
1993   9   4   0   -63  0 23   1993   9   3  17   1993   9   4  16
1993   9  13   5  -169  3 20   1993   9  12  19   1993   9  16  15
1993   9  20  22   -67  0 23   1993   9  20  10   1993   9  21   9
1993   9  29  18   -53  0 17   1993   9  29  16   1993   9  30   9
1993  10   9   7   -85  1  3   1993  10   9   5   1993  10  10   8
1993  10  25  17   -75  0  7   1993  10  25  15   1993  10  25  22
1993  10  27   7   -77  0 11   1993  10  27   2   1993  10  27  13
1993  10  27  17   -59  0 12   1993  10  27  14   1993  10  28   2
1993  11   4  11  -116  3 10   1993  11   4   0   1993  11   7  10
1993  11  18  19   -78  1  0   1993  11  18  15   1993  11  19  15
1993  12   1  16   -53  0 10   1993  12   1  13   1993  12   1  23
1993  12   3   0  -111  1 20   1993  12   2  11   1993  12   4   7
1993  12   8   9   -89  1 23   1993  12   7  15   1993  12   9  14
1993  12  31   8   -59  0  7   1993  12  31   8   1993  12  31  15
1994   2   6  17  -127  8  0   1994   2   5  14   1994   2  13  14
1994   2  13  22   -80  0 19   1994   2  13  16   1994   2  14  11
1994   2  14  23   -55  1  0   1994   2  14  13   1994   2  15  13
1994   2  16   2   -51  1  8   1994   2  15  16   1994   2  17   0
1994   2  22   1  -144  3  7   1994   2  21  14   1994   2  24  21
1994   2  25   9   -51  0 18   1994   2  25   6   1994   2  26   0
1994   3   3   8   -72  0 16   1994   3   3   3   1994   3   3  19
1994   3   7  21  -108 11 19   1994   3   7   0   1994   3  18  19
1994   3  19   1   -58  0 16   1994   3  18  23   1994   3  19  15
1994   4   4   2  -110 10 21   1994   4   2  15   1994   4  13  12
1994   4  14   1   -62  1 21   1994   4  13  14   1994   4  15  11
1994   4  16   5   -58  1  1   1994   4  15  13   1994   4  16  14
1994   4  17   7  -203  2 19   1994   4  16  15   1994   4  19  10
1994   5   1  22   -71  1  7   1994   5   1  13   1994   5   2  20
1994   5   3   3   -78  2 15   1994   5   2  21   1994   5   5  12
1994   5   6   2   -56  1  0   1994   5   5  14   1994   5   6  14
1994   5   7   1   -70  2 18   1994   5   6  16   1994   5   9  10
1994   5  28  20   -69  3 13   1994   5  28  19   1994   6   1   8
1994   7  14  23   -56  0 11   1994   7  14  21   1994   7  15   8
1994   9  25  22   -74  0 16   1994   9  25  20   1994   9  26  12
1994  10   3   9   -96  3 10   1994  10   2  22   1994  10   6   8
1994  10   7   1   -65  2 22   1994  10   6  12   1994  10   9  10
1994  10  11   4   -55  1 16   1994  10  10  16   1994  10  12   8
1994  10  23   6   -73  4  3   1994  10  23   0   1994  10  27   3
1994  10  29  15  -127  6  4   1994  10  29   9   1994  11   4  13
1994  11   6   6   -85  3  3   1994  11   4  17   1994  11   7  20
1994  11  19   6   -61  1  4   1994  11  19   5   1994  11  20   9
1994  11  26  12  -122  3  0   1994  11  26   8   1994  11  29   8
1995   1  18   6   -95  2  1   1995   1  17   5   1995   1  19   6
1995   1  29  23   -56  0 18   1995   1  29  18   1995   1  30  12
1995   1  30  19   -53  0 19   1995   1  30  17   1995   1  31  12
1995   2   8   9   -80  1  0   1995   2   7  22   1995   2   8  22
1995   2  14   2   -52  2  1   1995   2  13   0   1995   2  15   1
1995   2  27  22   -67  2 18   1995   2  27  14   1995   3   2   8
1995   3   4  21   -90  1  2   1995   3   4  15   1995   3   5  17
1995   3  12   5   -70  2 10   1995   3  11  21   1995   3  14   7
1995   3  26  17  -107  2 11   1995   3  26  11   1995   3  28  22
1995   4   2   5   -67  0 22   1995   4   1  21   1995   4   2  19
1995   4   7  18  -149  5  9   1995   4   7   3   1995   4  12  12
1995   4  24   3   -53  0 19   1995   4  23  15   1995   4  24  10
1995   4  25   2   -52  0 17   1995   4  24  18   1995   4  25  11
1995   5   5   6   -60  3 17   1995   5   2  13   1995   5   6   6
1995   5   8   2   -55  1 18   1995   5   7   7   1995   5   9   1
1995   5  16  22   -93  2  1   1995   5  16  13   1995   5  18  14
1995   5  23  22   -65  0 23   1995   5  23  21   1995   5  24  20
1995   7   1   1   -56  0 16   1995   6  30  19   1995   7   1  11
1995   7  24  20   -52  0 11   1995   7  24  19   1995   7  25   6
1995   8  23   4   -61  0 16   1995   8  22  22   1995   8  23  14
1995   9   5  13   -54  0  5   1995   9   5  12   1995   9   5  17
1995   9   5  20   -51  0  8   1995   9   5  18   1995   9   6   2
1995   9   8  11   -58  0 18   1995   9   8   5   1995   9   8  23
1995   9  15  10   -52  0 15   1995   9  15   5   1995   9  15  20
1995   9  27  20  -108  1 14   1995   9  27  12   1995   9  29   2
1995  10   2  22   -52  0 18   1995  10   2  17   1995  10   3  11
1995  10   3  19   -58  0 19   1995  10   3  13   1995  10   4   8
1995  10   4  13   -92  6  4   1995  10   4   9   1995  10  10  13
1995  10  18  23  -127  0 22   1995  10  18  20   1995  10  19  18
1995  10  20  10   -65  0 19   1995  10  20   4   1995  10  20  23
1995  10  21   8   -51  0 23   1995  10  21   0   1995  10  21  23
1995  10  23   2   -57  1 18   1995  10  22  23   1995  10  24  17
1995  10  30  17   -58  0 18   1995  10  30  14   1995  10  31   8
1995  11   1   6   -55  0 12   1995  11   1   2   1995  11   1  14
1995  11  27  18   -51  0 10   1995  11  27  16   1995  11  28   2
1995  12   1  19   -62  0 18   1995  12   1  16   1995  12   2  10
1995  12  24  15   -65  0 17   1995  12  24  12   1995  12  25   5
1996   1  13  10   -90  0 22   1996   1  13   3   1996   1  14   1
1996   3  11   3   -60  0  8   1996   3  11   2   1996   3  11  10
1996   3  20  23   -54  0 12   1996   3  20  18   1996   3  21   6
1996   3  21  22   -66  0 11   1996   3  21  20   1996   3  22   7
1996   3  24   2   -53  0  5   1996   3  24   0   1996   3  24   5
1996   3  25   1   -60  0 11   1996   3  24  21   1996   3  25   8
1996   4  15   0   -56  0 12   1996   4  14  22   1996   4  15  10
1996   4  17   8   -52  0  6   1996   4  17   6   1996   4  17  12
1996   9  12   8   -54  0 14   1996   9  11  21   1996   9  12  11
1996   9  23   7   -51  0 10   1996   9  23   3   1996   9  23  13
1996  10  19  16   -52  0 20   1996  10  19  14   1996  10  20  10
1996  10  23   4  -105  1 15   1996  10  22  22   1996  10  24  13
1997   1  10   9   -78  0 14   1997   1  10   7   1997   1  10  21
1997   2  10  10   -68  1 11   1997   2   9  18   1997   2  11   5
1997   2  11   9   -60  0 20   1997   2  11   7   1997   2  12   3
1997   2  17   8   -54  0 11   1997   2  17   2   1997   2  17  13
1997   2  27  23   -86  1 16   1997   2  27  21   1997   3   1  13
1997   3  28  23   -63  0 11   1997   3  28  19   1997   3  29   6
1997   4  11   4   -82  0 12   1997   4  11   0   1997   4  11  12
1997   4  17   5   -77  0 20   1997   4  16  21   1997   4  17  17
1997   4  21  23  -107  1  9   1997   4  21  17   1997   4  23   2
1997   5   2   0   -64  0 19   1997   5   1  20   1997   5   2  15
1997   5  15  12  -115  0 18   1997   5  15   7   1997   5  16   1
1997   5  17   2   -51  1 13   1997   5  16   2   1997   5  17  15
1997   5  27   4   -73  1  1   1997   5  27   0   1997   5  28   1
1997   6   9   3   -84  1 16   1997   6   8  19   1997   6  10  11
1997   9   3  22   -98  1  4   1997   9   3  20   1997   9   5   0
1997   9  18   5   -56  0 20   1997   9  17  18   1997   9  18  14
1997  10   1  15   -98  1  1   1997  10   1   9   1997  10   2  10
1997  10  10   7   -56  1 16   1997  10   8  22   1997  10  10  14
1997  10  11   3  -130  3  4   1997  10  10  18   1997  10  13  22
1997  10  24  13   -60  0  3   1997  10  24  12   1997  10  24  15
1997  10  25   2   -64  2 14   1997  10  25   0   1997  10  27  14
1997  10  27  22   -60  0 12   1997  10  27  18   1997  10  28   6
1997  11   7   4  -110  1  1   1997  11   7   1   1997  11   8   2
1997  11  10   2   -54  0 22   1997  11   9  20   1997  11  10  18
1997  11  22  15   -75  0  8   1997  11  22  12   1997  11  22  20
1997  11  23   6  -108  2 12   1997  11  22  22   1997  11  25  10
1997  12  11  10   -60  1 10   1997  12  10  12   1997  12  11  22
1997  12  30  19   -77  1  1   1997  12  30  13   1997  12  31  14
1998   1   7   4   -77  0 19   1998   1   6  23   1998   1   7  18
1998   1  30  11   -55  0 21   1998   1  30   3   1998   1  31   0
1998   2  18   0  -100  1 12   1998   2  17  17   1998   2  19   5
1998   3  10  20  -116  3 18   1998   3  10  16   1998   3  14  10
1998   3  15   5   -58  1  2   1998   3  14  18   1998   3  15  20
1998   3  21  15   -85  1  3   1998   3  21  11   1998   3  22  14
1998   3  25  16   -56  0  9   1998   3  25  13   1998   3  25  22
1998   3  29  19   -54  0 10   1998   3  29  16   1998   3  30   2
1998   4  24   7   -69  0 20   1998   4  24   2   1998   4  24  22
1998   4  26  17   -63  0 16   1998   4  26  14   1998   4  27   6
1998   5   2  17   -85  0 13   1998   5   2  11   1998   5   3   0
1998   5   4   5  -205  4 19   1998   5   3   1   1998   5   7  20
1998   5   8  20   -56  1  0   1998   5   8   1   1998   5   9   1
1998   5   9  19   -63  0 23   1998   5   9   2   1998   5  10   1
1998   6  14  10   -55  0 12   1998   6  14   6   1998   6  14  18
1998   6  26   4  -101  0  9   1998   6  26   1   1998   6  26  10
1998   7  16  16   -58  1  5   1998   7  16   4   1998   7  17   9
1998   8   6  11  -138  2 12   1998   8   6   8   1998   8   8  20
1998   8  20  20   -67  0 15   1998   8  20  10   1998   8  21   1
1998   8  27   9  -155  5  9   1998   8  26  15   1998   9   1   0
1998   9   1  16   -55  0 13   1998   9   1  12   1998   9   2   1
1998   9  18  13   -51  0 16   1998   9  18  13   1998   9  19   5
1998   9  24   7   -55  0  8   1998   9  24   4   1998   9  24  12
1998   9  25   9  -207  3  2   1998   9  25   2   1998   9  28   4
1998  10   1   1   -58  0 15   1998   9  30  22   1998  10   1  13
1998  10   2  21   -56  0 20   1998  10   2  16   1998  10   3  12
1998  10   7  22   -70  2 13   1998  10   7  17   1998  10  10   6
1998  10  19  15  -112  2 20   1998  10  19   4   1998  10  22   0
1998  10  22  18   -53  1  0   1998  10  22   6   1998  10  23   6
1998  10  24   0   -52  0 17   1998  10  23  17   1998  10  24  10
1998  11   6   8   -61  1  3   1998  11   6   5   1998  11   7   8
1998  11   8   6  -149  1  3   1998  11   7  13   1998  11   8  16
1998  11   9  17  -142  2  7   1998  11   9   1   1998  11  11   8
1998  11  13  21  -131  3  7   1998  11  13   5   1998  11  16  12
1998  12  11  15   -69  0 21   1998  12  10  23   1998  12  11  20
1998  12  25  11   -57  0  4   1998  12  25   9   1998  12  25  13
1998  12  29  11   -58  0  6   1998  12  29   8   1998  12  29  14
1999   1  13  23  -112  2  4   1999   1  13  17   1999   1  15  21
1999   1  23  22   -52  0 19   1999   1  23  18   1999   1  24  13
1999   2  18   9  -123  3  5   1999   2  18   4   1999   2  21   9
1999   3   1  19   -95  2  4   1999   2  28  20   1999   3   3   0
1999   3   4  23   -52  0 19   1999   3   4  14   1999   3   5   9
1999   3   7  10   -57  1  6   1999   3   6  21   1999   3   8   3
1999   3  10   8   -81  0 23   1999   3   9  12   1999   3  10  11
1999   3  29  14   -56  0 10   1999   3  29  13   1999   3  29  23
1999   4  17   7   -91  0 22   1999   4  17   0   1999   4  17  22
1999   7  31   1   -53  0 14   1999   7  31   0   1999   7  31  14
1999   8  20  16   -56  0 21   1999   8  20   4   1999   8  21   1
1999   8  23   0   -66  1 14   1999   8  22  18   1999   8  24   8
1999   9  13   4   -74  2  3   1999   9  12  17   1999   9  14  20
1999   9  15   9   -51  0 12   1999   9  15   5   1999   9  15  17
1999   9  16   8   -67  1  1   1999   9  16   3   1999   9  17   4
1999   9  22  23  -173  1 23   1999   9  22  21   1999   9  24  20
1999   9  27  18   -64  1 19   1999   9  27   6   1999   9  29   1
1999   9  30   3   -61  0 17   1999   9  29  23   1999   9  30  16
1999  10  10  18   -67  1 11   1999  10  10   6   1999  10  11  17
1999  10  12  17   -60  1 16   1999  10  12   2   1999  10  13  18
1999  10  15   5   -67  1  3   1999  10  14  20   1999  10  15  23
1999  10  17  12   -54  0 11   1999  10  17   5   1999  10  17  16
1999  10  22   6  -237  4  3   1999  10  22   1   1999  10  26   4
1999  10  27  16   -61  1  8   1999  10  27   4   1999  10  28  12
1999  10  28  17   -66  0 23   1999  10  28  14   1999  10  29  13
1999  11   8  14   -73  2 17   1999  11   7  11   1999  11  10   4
1999  11  11   6   -55  1  7   1999  11  11   3   1999  11  12  10
1999  11  13  22  -106  2 18   1999  11  12  22   1999  11  15  16
1999  11  16  16   -79  0 10   1999  11  16  12   1999  11  16  22
1999  12  13   9   -85  0 16   1999  12  13   5   1999  12  13  21
2000   1  11  21   -83  1  4   2000   1  11  18   2000   1  12  22
2000   1  23   0   -91  2  6   2000   1  22  19   2000   1  25   1
2000   2  12   3   -56  0  4   2000   2  12   1   2000   2  12   5
2000   2  12  11  -169  1 13   2000   2  12   9   2000   2  13  22
2000   2  14  13   -88  1  4   2000   2  14   3   2000   2  15   7
2000   3  31  11   -58  0 18   2000   3  31   8   2000   4   1   2
2000   4   2   3   -54  0 20   2000   4   1  23   2000   4   2  19
2000   4   4  17   -56  0 21   2000   4   4  13   2000   4   5  10
2000   4   7   0  -321  2 13   2000   4   6  18   2000   4   9   7
2000   4  10   5   -64  1  5   2000   4   9  15   2000   4  10  20
2000   4  16   5   -51  0  6   2000   4  16   1   2000   4  16   7
2000   4  16  10   -80  0 11   2000   4  16   8   2000   4  16  19
2000   4  24  14   -65  0 15   2000   4  24  12   2000   4  25   3
2000   5  17   5   -88  0 20   2000   5  17   2   2000   5  17  22
2000   5  24   8  -147  2  6   2000   5  24   3   2000   5  26   9
2000   5  29  21   -52  0 14   2000   5  29  19   2000   5  30   9
2000   6   8  19   -87  0 20   2000   6   8  16   2000   6   9  12
2000   6  10   7   -56  0 22   2000   6  10   1   2000   6  10  23
2000   6  26  17   -74  1  4   2000   6  26   9   2000   6  27  13
2000   7  15  13   -60  0  6   2000   7  15   8   2000   7  15  14
2000   7  15  21  -300  2 12   2000   7  15  16   2000   7  18   4
2000   7  20   9   -95  1 19   2000   7  20   2   2000   7  21  21
2000   7  22  17   -64  0 21   2000   7  22   9   2000   7  23   6
2000   7  23  22   -66  0 23   2000   7  23  16   2000   7  24  15
2000   7  28  16   -52  0  3   2000   7  28  15   2000   7  28  18
2000   7  29  11   -74  1  1   2000   7  29   5   2000   7  30   6
2000   8  11   6  -103  1  2   2000   8  10  22   2000   8  12   0
2000   8  12   9  -237  2  6   2000   8  12   3   2000   8  14   9
2000   8  29   6   -58  0 11   2000   8  28  23   2000   8  29  10
2000   9   2  14   -58  0 11   2000   9   2   8   2000   9   2  19
2000   9  12  18   -70  0 21   2000   9  12  11   2000   9  13   8
2000   9  16  23   -57  0  3   2000   9  16  22   2000   9  17   1
2000   9  17   3   -57  0  9   2000   9  17   2   2000   9  17  11
2000   9  17  23  -172  1 10   2000   9  17  21   2000   9  19   7
2000   9  19  14   -80  1  1   2000   9  19  10   2000   9  20  11
2000   9  30  14   -78  1  9   2000   9  30   6   2000  10   1  15
2000  10   3  12   -86  1  2   2000  10   2  21   2000  10   3  23
2000  10   5  13  -192  3  3   2000  10   4   6   2000  10   7   9
2000  10  13   5   -63  0  7   2000  10  13   2   2000  10  13   9
2000  10  14  14  -110  1 16   2000  10  13  19   2000  10  15  11
2000  10  29   2  -113  1  8   2000  10  28  23   2000  10  30   7
2000  11   6  21  -159  1 19   2000  11   6  11   2000  11   8   6
2000  11  10  12  -104  0 21   2000  11  10   9   2000  11  11   6
2000  11  27   1   -72  0 10   2000  11  26  23   2000  11  27   9
2000  11  27  17   -52  0 12   2000  11  27  12   2000  11  28   0
2000  11  29  13  -130  2 16   2000  11  28   3   2000  11  30  19
2000  12  23   4   -57  0 19   2000  12  23   1   2000  12  23  20
2001   1  24  16   -55  0 12   2001   1  24  13   2001   1  25   1
2001   3   5   1   -72  0 15   2001   3   4  22   2001   3   5  13
2001   3  20  13  -165  2 14   2001   3  19  17   2001   3  22   7
2001   3  23  16   -84  1 10   2001   3  22  17   2001   3  24   3
2001   3  28  14   -97  1  8   2001   3  27  22   2001   3  29   6
2001   3  31   8  -358  2 16   2001   3  31   5   2001   4   2  21
2001   4   8  15   -51  0  5   2001   4   8  14   2001   4   8  19
2001   4   9   7   -54  1  8   2001   4   8  21   2001   4  10   5
2001   4  11  23  -256  1 15   2001   4  11  17   2001   4  13   8
2001   4  13  15   -66  0 22   2001   4  13  11   2001   4  14   9
2001   4  18   6  -101  1  5   2001   4  18   3   2001   4  19   8
2001   4  22  15  -103  1  8   2001   4  22   9   2001   4  23  17
2001   5   9   2   -53  0 11   2001   5   9   0   2001   5   9  11
2001   5  10   6   -70  1 19   2001   5   9  13   2001   5  11   8
2001   6  18   8   -57  0 10   2001   6  18   7   2001   6  18  17
2001   8  17  21  -103  0 21   2001   8  17  18   2001   8  18  15
2001   9  13   7   -58  0 13   2001   9  13   5   2001   9  13  18
2001   9  23  18   -77  1  2   2001   9  23  12   2001   9  24  14
2001   9  26   1  -101  2 13   2001   9  25  23   2001   9  28  12
2001  10   3  14  -182  5 22   2001   9  29  11   2001  10   5   9
2001  10   9  15   -74  1 13   2001  10   9  12   2001  10  11   1
2001  10  11  19   -74  0  5   2001  10  11  18   2001  10  11  23
2001  10  12  12   -72  1 15   2001  10  12   3   2001  10  13  18
2001  10  19  20   -52  0 11   2001  10  19  15   2001  10  20   2
2001  10  21  21  -166  3  7   2001  10  21  18   2001  10  25   1
2001  10  28  11  -160  2 20   2001  10  28   4   2001  10  31   0
2001  11   1  11   -97  1  9   2001  10  31  21   2001  11   2   6
2001  11   6   5  -277  2 21   2001  11   5  21   2001  11   8  18
2001  11  24  16  -213  2 12   2001  11  24   7   2001  11  26  19
2001  12  21  22   -51  0 16   2001  12  21  21   2001  12  22  13
2002   1  10  19   -51  0  5   2002   1  10  18   2002   1  10  23
2002   1  11   6   -65  0 21   2002   1  11   2   2002   1  11  23
2002   2   2  11   -83  0 16   2002   2   2   4   2002   2   2  20
2002   2   5  20   -81  1  3   2002   2   5  18   2002   2   6  21
2002   3   1   7   -64  0 19   2002   2  28  23   2002   3   1  18
2002   3  24   9  -101  1  9   2002   3  24   1   2002   3  25  10
2002   4  20   6  -151  5  0   2002   4  17  13   2002   4  22  13
2002   4  23  15   -56  0 23   2002   4  23   7   2002   4  24   6
2002   5  11  19  -102  1 16   2002   5  11  15   2002   5  13   7
2002   5  14  11   -60  1  9   2002   5  14   3   2002   5  15  12
2002   5  19   6   -56  0 12   2002   5  19   5   2002   5  19  17
2002   5  23  17  -108  1 21   2002   5  23  13   2002   5  25  10
2002   5  27   8   -60  0 16   2002   5  27   7   2002   5  27  23
2002   8   1  13   -51  0  5   2002   8   1  12   2002   8   1  17
2002   8   2   5   -96  1 13   2002   8   2   1   2002   8   3  14
2002   8   4   5   -53  0  8   2002   8   4   4   2002   8   4  12
2002   8  20   0   -58  0 16   2002   8  19  18   2002   8  20  10
2002   8  21   6   -96  1  3   2002   8  20  19   2002   8  21  22
2002   9   4   6  -104  1 20   2002   9   4   3   2002   9   5  23
2002   9   8   0  -170  3 14   2002   9   7  14   2002   9  11   4
2002   9  11  22   -78  2 14   2002   9  11   6   2002   9  13  20
2002  10   1  15  -179 10  3   2002  10   1   9   2002  10  11  12
2002  10  14  13  -100  0 22   2002  10  14   7   2002  10  15   5
2002  10  15  18   -58  0 15   2002  10  15  16   2002  10  16   7
2002  10  24  16   -84  1 18   2002  10  24   3   2002  10  25  21
2002  10  27  15   -66  1  3   2002  10  27  12   2002  10  28  15
2002  11   3   8   -67  3 12   2002  11   2   6   2002  11   5  18
2002  11  20  19   -58  0  5   2002  11  20  19   2002  11  21   0
2002  11  21  10   -97  0 15   2002  11  21   6   2002  11  21  21
2002  12  19  18   -60  0 11   2002  12  19  15   2002  12  20   2
2002  12  21   3   -57  0  6   2002  12  20  23   2002  12  21   5
2002  12  27  16   -53  1  9   2002  12  27   4   2002  12  28  13
