31777070101  1751 1800 1755                                B 13    GOES 6.2E-05 10933
31777070101  1805 1813 1810                                B 12    GOES 5.1E-05 10933
31777070101  2035 2045 2040                                B 16    GOES 8.1E-05 10933
31777070102  1436 1447 1441 S04E44SXI                      B 12    GOES 6.9E-05 10933          1.0E+02 1.8E+02
31777070102  1551 1601 1555                                B 14    GOES 7.8E-05
31777070102  1732 1749 1738                                B 17    GOES 1.5E-04
31777070102  1859 1907 1904 S04E42SXI                      B 14    GOES 5.2E-05 10933          1.3E+02 2.3E+02
31777070103  0105 0114 0109                                B 13    GOES 5.6E-05
31777070103  0250 0301 0254                                B 13    GOES 7.1E-05
31777070103  1221 1230 1225                                B 18    GOES 7.7E-05
31777070104  1824 1835 1830 N11E72SXI                      B 38    GOES 1.6E-04                9.3E+02 2.5E+03
31777070108  1216 1222 1219                                B 16    GOES 3.8E-05
31777070108  1225 1230 1228 S13E12SXI                      B 15    GOES 3.6E-05                2.5E+02 5.4E+02
31777070108  1835 1842 1840                                B 14    GOES 4.4E-05
31777070109  0719 0728 0723                                B 12    GOES 5.7E-05
31777070109  0832 0859 0846                                B 25    GOES 3.0E-04
31777070109  1054 1102 1057                                B 10    GOES 4.8E-05
31777070109  1152 1200 1156                                B 12    GOES 5.4E-05
31777070109  1301 1314 1308                                B 12    GOES 8.3E-05
31777070109  1447 1500 1454                                B 14    GOES 9.4E-05
31777070109  2149 2213 2204 S02W55SXI                      B 26    GOES 2.8E-04 10933          2.3E+02 3.9E+02
31777070110  0834 0842 0840 S02W64SXI                      B 18    GOES 6.5E-05 10933          3.3E+02 6.6E+02
31777070110  0901 0907 0905 S02W64SXI                      B 13    GOES 3.7E-05 10933          5.0E+01 8.3E+01
31777070110  0914 1000 0951 S02W62SXI                      C 17    GOES 2.2E-03 10933          3.7E+03 1.1E+04
31547070110  0923 1003 0928 S03W59SFE                              KANZ2        10933 0701 6.0 00010
31403070110  0924 0933 0931 S04W59SFE       35                     LEAR3FE      10933 0701 6.0 00010
31403070110  0938 0944 0940 S05W60SFE       14                     LEAR3UF      10933 0701 5.9 00020
31403070110  0945 0954 0947 S05W59SFE       62                     LEAR3FE      10933 0701 6.0 00030
31403070110  0955 1009 1002 S05W59SFE       37                     LEAR3UF      10933 0701 6.0 00040
31547070110  1009 1016 1010 S04W54SFE                              KANZ2        10933 0701 6.4 00050
31403070110  1010 1016 1013 S05W61SFE       10                     LEAR3FE      10933 0701 5.9 00050
31777070110  1053 1058 1056 S02W65SXI                      B 39    GOES 6.1E-05 10933          8.0E+02 1.8E+03
31777070110  2159 2215 2210 S01W77SXI                      B 14    GOES 1.2E-04 10933          5.0E+01 8.3E+01
31777070110  2322 2330 2326                                B 11    GOES 4.8E-05
31777070111  0056 0112 0104 S01W83SXI                      C 10    GOES 6.6E-04 10933          2.0E+03 6.2E+03
31777070111  0603 0609 0607 S01W84SXI                      B 17    GOES 4.6E-05 10933          5.0E+01 8.5E+01
31777070111  2338 2348 2342 N02E78SXI                      B 11    GOES 6.0E-05                3.3E+02 5.5E+02
31777070112  0118 0149 0138 N01W90SXI                      C 15    GOES 1.7E-03 10933          4.1E+03 1.2E+04
31403070112  0130 0140 0131 S01W90SFE       94                     LEAR3FE      10933 0701 5.3 00060
31777070112  1919 1945 1937 S03W90SXI                      B 31    GOES 3.8E-04 10933          6.5E+02 1.3E+03
31777070113  0619 0635 0626 S04W79SXI                      B 48    GOES 3.1E-04 10933          9.5E+02 2.3E+03
31777070113  0842 0853 0846 N04E69SXI                      B 13    GOES 8.0E-05                3.3E+02 5.4E+02
31777070113  1050 1056 1053 N04E68SXI                      B 11    GOES 3.5E-05                7.5E+01 1.2E+02
31777070113  1250 1258 1253 N04E66SXI                      B 12    GOES 4.9E-05                3.0E+02 5.1E+02
31777070113  1359 1405 1403 N04E65SXI                      B 11    GOES 3.2E-05                3.5E+02 6.1E+02
31777070113  1508 1515 1513                                B 26    GOES 6.3E-05
31777070113  1633 1641 1637 N04E64SXI                      B 11    GOES 4.7E-05 10938          2.5E+02 4.4E+02
31777070113  2339 2355 2347 N03E61SXI                      B 29    GOES 2.0E-04 10938          1.0E+03 2.0E+03
31777070114  0012 0025 0019 N03E60SXI                      B 17    GOES 1.2E-04 10938          1.5E+02 2.6E+02
31777070114  0901 0908 0905 N04E56SXI                      B 17    GOES 4.9E-05 10938          6.8E+02 1.3E+03
31777070114  0957 1013 1005 N03E55SXI                      B 32    GOES 2.2E-04 10938          1.3E+03 2.9E+03
31403070114  1002 1011 1004 N04E60SFE       23                     LEAR1        10938 070118.9 00070
31547070114  1002 1011 1006 N01E56SFE                              KANZ2        10938 070118.6 00070
31777070114  1630 1637 1634                                B 10    GOES 3.9E-05
31777070114  1849 1906 1859 N03E51SXI                      B 32    GOES 2.4E-04 10938          1.4E+03 3.2E+03
31777070114  2144 2200 2151 N03E50SXI                      B 14    GOES 1.2E-04 10938          6.5E+02 1.2E+03
31777070114  2233 2247 2242 N04E50SXI                      B 19    GOES 1.3E-04 10938          1.0E+03 2.1E+03
31403070114  2258 2304 2302 N04E53SFE       47                     LEAR3        10938 070118.9 00080
31777070114  2307 2328 2319 N04E49SXI                      B 38    GOES 3.4E-04 10938          1.6E+03 3.8E+03
31403070114  2313 2317 2316 N04E531FE      120                     LEAR3E       10938 070118.9 00090
31403070114  2323 2325 2323 N04E531FE      224                     LEAR3        10938 070118.9 00100
31403070114  2342 2350 2343 N02E492FE      300                     LEAR3        10938 070118.6 00110
31403070114  2352 2359 2354 N02E491FE      226                     LEAR3        10938 070118.6 00120
31403070115  0032 0047 0044 N02E492FE      383                     LEAR3        10938 070118.7 00130
31777070115  0046 0053 0050 N03E48SXI                      B 13    GOES 4.6E-05 10938          7.0E+02 1.4E+03
31777070115  0102 0110 0106 N03E48SXI                      B 13    GOES 5.3E-05 10938          4.5E+02 8.4E+02
31403070115  0133 0200 0143 N03E502FE      477                     LEAR3        10938 070118.8 00140
31777070115  0211 0253 0244 N03E47SXI                      B 51    GOES 9.1E-04 10938          2.6E+03 6.5E+03
31403070115  0218 0332 0306 N03E50SFE       77                     LEAR3F       10938 070118.8 00150
31777070115  0254 0319 0308 N04E47SXI                      C 14    GOES 1.4E-03 10938          3.7E+03 1.2E+04
31403070115  0334 0342 0335 N02E49SFE       35                     LEAR3F       10938 070118.8 00160
31777070115  0449 0502 0456                                B 11    GOES 7.8E-05
31777070115  0740 0759 0753 N04E44SXI                      B 93    GOES 8.0E-04 10938          2.5E+03 7.2E+03
31403070115  0743 0816 0745 N04E48SFE       44                     LEAR3FE      10938 070118.9 00170
31547070115  0754E0819 0754EN02E45SFE                              KANZ2        10938 070118.7 00170
31547070115  1141 1225 1154 N02E40SFE                              KANZ2        10938 070118.5 00180
31777070115  1142 1204 1157 N03E42SXI                      B 41    GOES 3.6E-04 10938          1.7E+03 3.8E+03
31777070115  1430 1438 1434 N04E41SXI                      B 12    GOES 5.3E-05 10938          6.3E+02 1.1E+03
31777070115  1858 1919 1908                                B 18    GOES 1.8E-04
31777070115  1950 2006 1958 N04E38SXI                      B 23    GOES 1.7E-04 10938          1.1E+03 2.3E+03
31777070115  2022 2028 2025 N04E38SXI                      B 10    GOES 3.5E-05 10938          2.8E+02 4.7E+02
31777070115  2211 2218 2215 N04E30SXI                      B 19    GOES 5.8E-05 10938          2.0E+02 3.9E+02
31777070116  0222 0249 0242 N04E33SXI                      C 42    GOES 3.4E-03 10938          6.1E+03 2.6E+04
31403070116  0229 0301 0242 N03E351NE      138                     LEAR3FE      10938 070118.7 00190
31403070116  0301 0317 0303 N04E38SFE       34                     LEAR3        10938 070119.0 00200
31777070116  0714 0720 0717                                B 10    GOES 3.1E-05
31777070116  0801 0811 0805 N04E31SXI                      B 57    GOES 2.2E-04 10938          1.3E+03 4.0E+03
31403070116  0804 0818 0805 N03E32SFE       58                     LEAR3        10938 070118.7 00210
31777070116  1025 1032 1029 N04E29SXI                      B 10    GOES 4.1E-05 10938          5.3E+02 1.0E+03
31777070116  1101 1120 1115 N04E29SXI                      B 44    GOES 2.6E-04 10938          1.4E+03 3.8E+03
31777070116  1141 1151 1145 N04E28SXI                      B 11    GOES 5.7E-05 10938          4.5E+02 7.9E+02
31777070116  1604 1617 1611 N04E26SXI                      C 11    GOES 5.0E-04 10938          2.0E+03 6.7E+03
31649070116  1609 1619 1610 N04E30SFE       33                     HOLL3        10938 070118.9 00220
31777070117  2348 0004 2353                                B 13    GOES 1.1E-04
31777070118  0153 0204 0159 N00E01SXI                      B 21    GOES 1.0E-04 10938          2.3E+02 4.1E+02
31777070118  0507 0515 0511                                B 11    GOES 4.7E-05
31777070120  0335 0340 0338                                B 10    GOES 2.3E-05
31777070120  0822 0829 0826 S02W09SXI                      B 16    GOES 4.6E-05                2.8E+02 7.0E+02
31777070120  0936 0941 0939                                B 14    GOES 1.9E-05
31777070121  0511 0521 0516 S03W21SXI                      B 68    GOES 2.4E-04 10939          7.3E+02 1.6E+03
31403070121  0516 0521 0518 S04W20SFE       24                     LEAR3E       10939 070119.7 00230
31777070121  1306 1314 1311 S03W25SXI                      C 23    GOES 5.6E-04 10939          2.4E+03 1.3E+04
31526070121  1310 1317 1311 S05W24SFE       70                     SVTO3        10939 070119.7 00240
31777070122  0242 0247 0245 S03W33SXI                      B 16    GOES 3.6E-05 10939          3.3E+02 6.7E+02
31777070122  0306 0317 0313 S03W34SXI                      B 10    GOES 6.1E-05 10939          3.3E+02 6.2E+02
31777070122  0542 0555 0548 S03W35SXI                      B 12    GOES 8.0E-05 10939          1.8E+02 3.1E+02
31777070122  0812 0819 0815 S03W37SXI                      B 10    GOES 3.8E-05 10939          1.0E+02 1.7E+02
31777070122  0906 0911 0909 S03W38SXI                      B 12    GOES 2.4E-05 10939          7.5E+01 1.3E+02
31777070123  0905 0918 0909 S04W51SXI                      B 17    GOES 1.0E-04 10939          2.5E+02 4.5E+02
31777070123  2358 0004 0002 S46E90SXI                      B 12    GOES 3.3E-05                5.0E+01 5.5E+02
31777070124  0028 0035 0032 S04W62SXI                      B 51    GOES 1.1E-04 10939          7.8E+02 2.1E+03
31403070124  0221 0224 0223 S04W59SFE       10                     LEAR3FE      10939 070119.7 00250
31777070124  0513 0519 0516                                B 68    GOES 1.2E-04 10939
31403070124  0516 0519 0516 S06W63SFE       27                     LEAR3H       10939 070119.5 00260
31777070124  1345 1608 1452                                B 90    GOES 5.2E-03
31777070124  1855 1908 1900 S03W72SXI                      B 31    GOES 2.1E-04 10939          4.5E+02 8.6E+02
31777070125  0226 0236 0230 S02W76SXI                      B 19    GOES 8.3E-05 10939          3.3E+02 6.0E+02
31777070125  0522 0528 0526 S02W77SXI                      B 35    GOES 6.1E-05 10939          5.5E+02 1.3E+03
31777070125  0633 0758 0714 S08E90SXI                      C 63    GOES 2.0E-02 10940          9.0E+03 3.7E+04
31777070125  1344 1401 1349 S03E78SXI                      B 63    GOES 5.3E-04 10940          1.3E+02 2.2E+02
31777070125  1405 1430 1422                                B 90    GOES 1.0E-03
31777070125  1739 1745 1742                                B 26    GOES 8.3E-05
31777070125  1802 1816 1813                                B 29    GOES 1.9E-04
31777070125  1901 1910 1904 S03E78SXI                      B 37    GOES 1.5E-04 10940          1.5E+02 2.8E+02
31777070125  1916 1923 1920 S03E78SXI                      B 45    GOES 1.4E-04 10940          1.8E+02 3.0E+02
31777070125  2132 2145 2143 S03E79SXI                      C 34    GOES 8.5E-04 10940          2.2E+03 7.1E+03
31777070126  0154 0227 0218 S02E79SXI                      B 35    GOES 4.7E-04 10940          4.0E+02 8.0E+02
31777070126  0847 1047 0951                                B 36    GOES 1.6E-03 10940
31777070127  0119 0128 0124                                B 13    GOES 5.6E-05 10940
31777070127  2252 2356 2305 S03E59SXI                      B 32    GOES 9.5E-04 10940          8.0E+02 1.8E+03
31777070128  1506 1526 1516 S02E52SXI                      B 16    GOES 1.6E-04 10940          4.5E+02 9.0E+02
31777070128  2245 2319 2303                                B 17    GOES 3.3E-04 10940
31777070129  0805 0816 0809 S02E43SXI                      B 14    GOES 8.7E-05 10940          5.3E+02 1.0E+03
31777070129  1316 1335 1327 S07E39SXI                      B 28    GOES 2.1E-04 10940          6.0E+02 1.2E+03
31777070129  1349 1407 1355 S07E39SXI                      B 23    GOES 2.1E-04 10940          4.3E+02 7.4E+02
31777070129  1432 1444 1438 S02E40SXI                      B 15    GOES 1.0E-04 10940          2.5E+02 4.3E+02
31777070129  1600 1612 1606 S07E38SXI                      B 93    GOES 4.5E-04 10940          1.3E+03 3.2E+03
31777070129  1641 1722 1656 S02E37SXI                      C 34    GOES 5.9E-03 10940          3.3E+03 1.5E+04
31649070129  1647 1717 1651 S05E40SFE       27                     HOLL3        10940 0702 1.7 00270
31777070129  1956 2009 2002 S07E36SXI                      B 28    GOES 1.8E-04 10940          3.8E+02 6.8E+02
31777070129  2059 2127 2118 S07E35SXI                      B 69    GOES 7.6E-04 10940          1.5E+03 3.8E+03
31777070129  2134 2145 2140 S06E34SXI                      B 85    GOES 4.3E-04 10940          1.6E+03 4.7E+03
31777070129  2232 2321 2249 S02E34SXI                      C 15    GOES 3.1E-03 10940          2.6E+03 8.6E+03
31403070129  2238E2331D2243 S03E36SNE       26                     LEAR3FE      10940 0702 1.6 00280
31777070130  0055 0104 0100 S06E31SXI                      B 38    GOES 1.5E-04 10940          5.5E+02 1.1E+03
31777070130  0729 0741 0737 S06E28SXI                      C 10    GOES 5.0E-04 10940          1.2E+03 4.5E+03
31403070130  0733 0745 0740 S05E31SFE       33                     LEAR3E       10940 0702 1.6 00290
31777070130  1109 1118 1114                                B 12    GOES 5.7E-05
31777070130  1600 1605 1603                                B 25    GOES 4.4E-05
31777070131  1229 1237 1233                                B 11    GOES 4.6E-05
31777070131  1830 1842 1834                                B 12    GOES 7.9E-05
31777070131  1943 1949 1946                                B 12    GOES 3.9E-05
31777070131  2103 2131 2122 S01E08SXI                      B 75    GOES 7.0E-04 10940          2.0E+03 5.8E+03
31777070201  0137 0227 0201 S01E06SXI                      B 24    GOES 6.1E-04 10940          4.3E+02 7.4E+02
31777070201  0240 0324 0313 S01E04SXI                      B 47    GOES 9.2E-04 10940          1.8E+03 4.2E+03
31777070201  0441 0446 0444 S01E04SXI                      B 17    GOES 4.2E-05 10940          5.5E+02 9.8E+02
31403070201  0549 0553 0551 S03E06SFE       13                     LEAR3E       10940 0702 1.7 00010
31777070201  1542 1551 1545                                B 10    GOES 4.8E-05
31777070208  2238 2251 2246                                C 12    GOES 5.4E-04
31777070215  1455 1503 1459                                B 12    GOES 4.6E-05
31777070216  0150 0159 0156                                C 17    GOES 5.3E-04
31777070218  1929 1937 1932                                B 83    GOES 2.5E-04
31777070219  0004 0013 0010                                C 11    GOES 3.2E-04 10943
31403070219  0008 0014 0009 S12E16SFE       22                     LEAR3         0943 070220.2 00020
31777070227  0723 0730 0727                                B 20    GOES 4.5E-05
31777070302  0503 0550 0529                                B 25    GOES 1.5E-04 10944
31777070310  2209 2215 2213                                B 20    GOES 3.8E-05
31777070328  1316 1357 1344                                B 11    GOES 1.9E-04
31777070328  1925 1932 1928 N09E64SXI                      B 10    GOES 2.8E-05 10949          5.5E+02 1.2E+03
31777070331  0128 0148 0143                                B 22    GOES 1.9E-04 10949
31403070331  0137 0153 0144 N06E33SFE       20                     LEAR3FE      10949 0704 2.5 00010
31777070424  1207 1214 1210                                B 10    GOES 3.7E-05 10953
31777070424  2243 2306 2256                                C 28    GOES 2.3E-03 10953
31777070425  0410 0417 0414                                B 18    GOES 5.0E-05 10953
31777070425  0437 0445 0442                                B 23    GOES 7.6E-05 10953
31777070425  0520 0526 0523                                B 10    GOES 2.9E-05 10953
31777070425  0535 0547 0545                                B 40    GOES 1.4E-04 10953
31777070425  1155 1217 1205                                B 11    GOES 1.4E-04 10953
31777070425  1814 1820 1817                                B 10    GOES 3.1E-05 10953
31777070426  0130 0150 0138                                B 14    GOES 1.5E-04
31777070426  2333 2339 2336                                B 11    GOES 3.6E-05
31777070427  0406 0425 0412                                B 22    GOES 2.2E-04
31777070427  0436 0502 0443 S13E60SF                       B 80    GOES 9.1E-04 10953
31403070427  0440 0450 0444 S13E60SFE       25                     LEAR3F       10953 0705 1.7 00010
31777070427  0517 0529 0522                                B 62    GOES 3.8E-04
31777070427  1426 1449 1439                                B 63    GOES 5.0E-04
31777070427  1828 1838 1833                                B 13    GOES 6.2E-05
31777070427  2028 2043 2037                                B 63    GOES 3.8E-04
31777070427  2057 2103 2100                                B 19    GOES 5.5E-05
31777070427  2136 2144 2139                                B 11    GOES 5.0E-05
31777070427  2233 2242 2238                                B 18    GOES 6.7E-05
31777070428  0046 0100 0056                                B 10    GOES 8.0E-05
31777070428  0205 0211 0208                                B 10    GOES 3.3E-05
31777070428  0411 0420 0416                                B 23    GOES 8.6E-05
31777070428  1106 1113 1109                                B 11    GOES 4.3E-05
31777070428  1952 2020 2008                                B 17    GOES 2.4E-04
31777070428  2158 2206 2203                                B 13    GOES 4.8E-05
31777070428  2216 2231 2223                                B 17    GOES 1.2E-04
31777070428  2315 2326 2320                                B 20    GOES 9.8E-05
31777070429  1034 1040 1037                                B 10    GOES 3.6E-05
31777070429  1047 1055 1051                                B 12    GOES 5.1E-05
31777070429  1435 1443 1440                                B 12    GOES 4.7E-05
31777070429  1451 1509 1502                                B 12    GOES 1.2E-04
31777070429  2027 2034 2030                                B 16    GOES 5.4E-05
31777070430  0156 0211 0159                                B 10    GOES 8.7E-05
31777070430  0444 0454 0448                                B 10    GOES 5.6E-05
31777070430  0756 0801 0759                                B 19    GOES 5.0E-05
31777070430  0921 0947 0941                                B 20    GOES 2.8E-04
31777070430  1146 1156 1150                                B 12    GOES 7.0E-05
31777070430  1532 1548 1538 S16E14SF                       B 26    GOES 1.9E-04 10953
31649070430  1537 1546 1537 S16E14SFE       10                     HOLL3        10953 0705 1.7 00020
31777070430  2343 2355 2346                                B 14    GOES 8.3E-05
31777070501  0129 0145 0133                                B 10    GOES 8.9E-05
31777070501  0151 0157 0154                                B 10    GOES 3.3E-05
31777070501  0305 0315 0311                                B 15    GOES 7.0E-05
31777070501  0339 0353 0348                                B 15    GOES 1.0E-04
31777070501  1614 1622 1618                                B 17    GOES 5.6E-05
31777070501  2225 2245 2232                                B 16    GOES 1.7E-04
31777070502  0359 0426 0413                                B 13    GOES 1.9E-04 10953
31777070502  1506 1523 1512                                B 12    GOES 1.0E-04 10953
31777070502  1556 1605 1602                                B 81    GOES 1.9E-04 10953
31777070502  1805 2045 1854                                B 38    GOES 2.5E-03 10953
31777070502  2328 0002 2348 S14W171B                       C 85    GOES 1.1E-02 10953
31403070502  2333 0009 2339 S14W171BE      182                     LEAR3FE      10953 0705 1.7 00010
31403070503  0024 0026 0024 S16W16SFE       13                     LEAR3        10953 0705 1.8 00020
31777070503  1136 1144 1140                                B 12    GOES 4.4E-05 10954
31777070504  1620 1641 1636                                B 12    GOES 1.1E-04 10953
31777070504  1730 1739 1734                                B 10    GOES 5.0E-05 10953
31777070504  1806 1824 1816                                B 30    GOES 2.4E-04 10953
31777070505  0201 0211 0205                                B 10    GOES 5.8E-05
31777070505  0908 0914 0911                                B 18    GOES 4.8E-05 10953
31777070505  1040 1050 1045                                B 10    GOES 5.2E-05 10953
31777070505  1056 1118 1111                                B 14    GOES 1.5E-04 10953
31777070505  1220 1257 1247 S14W461F                       C 42    GOES 4.1E-03 10953
31526070505  1247E1255D1248US14W461FE      154                     SVTO2F       10953 0705 2.0 00030
31777070505  1622 1628 1625                                B 10    GOES 2.6E-05
31777070506  0113 0125 0118                                B 13    GOES 8.1E-05
31777070506  0138 0146 0142                                B 10    GOES 4.5E-05
31777070506  0530 0559 0548                                B 12    GOES 1.8E-04
31777070506  1820 1854 1849                                B 22    GOES 2.7E-04
31777070506  2304 2329 2319                                B 98    GOES 9.6E-04
31777070507  0609 0615 0612                                B 11    GOES 3.5E-05
31777070507  0700 0705 0703                                B 10    GOES 2.8E-05
31777070507  1140 1145 1143                                B 12    GOES 2.4E-05
31777070507  1212 1217 1215                                B 10    GOES 2.3E-05
31777070507  1420 1429 1425                                B 10    GOES 5.0E-05
31777070508  0551 0603 0556                                B 12    GOES 6.8E-05
31777070508  0749 0814 0805                                B 13    GOES 1.6E-04
31777070508  1007 1014 1011                                B 12    GOES 4.0E-05
31777070508  1320 1328 1325                                B 20    GOES 6.5E-05
31777070508  2059 2109 2106                                B 19    GOES 8.4E-05
31777070508  2129 2143 2138                                B 10    GOES 8.2E-05
31777070508  2308 2323 2316                                B 24    GOES 1.6E-04
31777070509  0137 0208 0156                                B 77    GOES 9.7E-04
31777070509  1336 1428 1401                                B 63    GOES 1.5E-03
31777070511  2118 2125 2122                                B 15    GOES 4.0E-05
31777070512  0315 0323 0320                                B 11    GOES 4.8E-05
31777070512  0507 0533 0514                                B 25    GOES 3.1E-04
31827070512  0953U1002      S09W12SFP0955   40        16           KHAR2OD      10955 070511.5 00040
31777070512  1334 1344 1340                                B 18    GOES 7.4E-05
31777070514  0741 0753 0747                                B 20    GOES 1.1E-04 10956
31777070515  0427 0443 0435                                B 42    GOES 2.5E-04 10956
31777070515  0509 0518 0514                                B 11    GOES 5.1E-05 10956
31777070515  1527 1544 1537 N00E50SF                       C 10    GOES 6.7E-04 10956
31649070515  1534 1543 1534 N00E50SFE       11                     HOLL3F       10956 070519.4 00050
31777070515  1657 1707 1705                                B 17    GOES 6.1E-05 10956
31777070515  1802 1816 1809                                B 32    GOES 1.8E-04 10956
31777070515  1902 1912 1907                                B 27    GOES 1.2E-04 10956
31777070515  2303 2345 2315                                B 20    GOES 4.0E-04 10956
31777070516  0109 0121 0113                                B 10    GOES 6.6E-05 10956
31777070516  0148 0155 0153                                B 20    GOES 6.2E-05 10956
31777070516  0214 0238 0222                                B 26    GOES 2.9E-04 10956
31777070516  0556 0606 0601                                B 19    GOES 8.9E-05 10956
31777070516  1208 1230 1222                                B 18    GOES 2.1E-04 10956
31777070516  1302 1308 1305                                B 18    GOES 5.8E-05 10956
31777070516  1719 1753 1741 N00E35SF                       C 29    GOES 3.5E-03 10956
31649070516  1725 1819 1741 N00E35SFE       53                     HOLL3FH      10956 070519.3 00060
31777070516  1859 1909 1904                                B 17    GOES 8.7E-05 10956
31777070517  0033 0048 0040                                B 17    GOES 1.3E-04
31777070517  0256 0319 0310                                B 23    GOES 2.6E-04 10956
31777070517  1247 1307 1256                                B 55    GOES 4.5E-04 10956
31777070517  1342 1351 1347                                B 14    GOES 6.3E-05 10956
31777070517  1441 1448 1445                                B 10    GOES 3.5E-05 10956
31777070517  1750 1918 1805                                B 18    GOES 8.4E-04 10956
31777070518  0546 0553 0549                                B 10    GOES 3.8E-05
31777070519  0452 0514 0502                                B 13    GOES 1.5E-04
31777070519  1248 1319 1302                                B 95    GOES 1.3E-03 10956
31547070519  1249 1334 1256 N01W05SFE                              KANZ2        10956 070519.2 00070
31777070520  0452 0620 0556                                B 67    GOES 1.5E-03 10956
31777070520  1357 1405 1401                                B 15    GOES 5.5E-05
31777070520  2136 2145 2139                                B 10    GOES 5.0E-05
31777070520  2356 0005 0000                                B 11    GOES 5.1E-05
31777070521  0233 0259 0241                                B 78    GOES 8.1E-04
31777070521  0846 0920 0903                                B 25    GOES 4.1E-04
31827070521  0907 0925      N03W25SFP0909   75        18           KHAR2        10956 070519.5 00080
31777070521  1710 1717 1714                                B 13    GOES 4.5E-05
31777070521  1956 2010 2000                                B 10    GOES 7.6E-05
31777070522  0637 0642 0640                                B 11    GOES 3.1E-05
31777070522  0644 0650 0647                                B 10    GOES 3.5E-05
31777070522  1430 1519 1447                                B 39    GOES 8.6E-04
31777070522  2317 2329 2325 N02W47SF                       B 27    GOES 1.2E-04 10956
31649070522  2322 2332 2326 N02W47SFE       19                     HOLL3        10956 070519.5 00090
31777070523  0134 0146 0139                                B 28    GOES 1.3E-04
31777070523  0715 0750 0732                                B 53    GOES 8.4E-04
31777070525  0753 0759 0756                                B 10    GOES 2.9E-05
31777070526  1634 1651 1644                                B 18    GOES 1.5E-04
31777070530  1349 1454 1415                                C 20    GOES 5.9E-03
31777070531  0145 0212 0155                                B 19    GOES 2.5E-04 10960
31777070531  1014 1032 1022                                B 16    GOES 1.4E-04 10958
31777070531  1243 1302 1253                                C 11    GOES 8.4E-04 10960
31777070531  1757 1823 1804                                B 37    GOES 4.9E-04 10959
31777070531  2216 2231 2221                                B 44    GOES 2.8E-04 10960
31777070531  2243 2304 2254                                B 54    GOES 5.5E-04 10960
31777070601  0134 0147 0141                                B 41    GOES 2.2E-04 10960
31777070601  0646 0659 0651                                M 10    GOES 4.9E-03 10960
31777070601  0846 0917 0905                                B 49    GOES 6.3E-04 10960
31777070601  1022 1036 1032                                B 18    GOES 1.4E-04 10960
31777070601  1224 1250 1235                                B 69    GOES 7.8E-04 10960
31777070601  1319 1328 1323                                B 37    GOES 1.6E-04 10960
31777070601  1417 1427 1422                                B 66    GOES 2.5E-04 10960
31777070601  1435 1511 1459 S08E78SF                       M 28    GOES 2.9E-02 10960
31649070601  1457 1503 1459 S08E78SFE       11                     HOLL3        10960 0706 7.5 00010
31777070601  1701 1713 1710                                B 33    GOES 1.9E-04 10960
31777070601  2013 2025 2019                                B 22    GOES 1.3E-04 10960
31777070601  2115 2136 2125                                B 49    GOES 4.7E-04 10960
31777070601  2140 2159 2152 S09E82SF                       M 21    GOES 1.1E-02 10960
31649070601  2150 2154 2150 S09E82SFE       38                     HOLL3Z       10960 0706 8.1 00020
31777070601  2217 2226 2222                                C 28    GOES 1.2E-03 10960
31777070602  0130 0140 0135                                B 17    GOES 9.5E-05
31777070602  0240 0253 0244                                B 17    GOES 1.2E-04
31777070602  0330 0348 0337                                B 35    GOES 3.0E-04
31777070602  0525 0619 0611 S09E77SF                       M 25    GOES 2.0E-02 10960
31403070602  0606 0625 0606 S09E77SFE       35                     LEAR3FE      10960 0706 8.0 00030
31777070602  0757 0803 0800                                B 36    GOES 1.0E-04
31777070602  0821 0838 0833                                B 78    GOES 3.7E-04
31777070602  0923 0928 0926                                B 15    GOES 3.9E-05
31777070602  0930 0937 0933                                B 19    GOES 6.4E-05
31777070602  1028 1041 1035                                M 10    GOES 4.3E-03
31547070602  1030E1046 1040US05E731NE                              KANZ2        10960 0706 7.9 00040
31777070602  1518 1523 1521                                B 20    GOES 5.1E-05
31777070602  1529 1534 1532                                B 19    GOES 5.3E-05
31777070602  1741 1746 1744                                B 22    GOES 5.2E-05
31777070602  1810 1815 1813                                B 17    GOES 4.6E-05
31777070602  1917 1925 1920                                B 12    GOES 5.2E-05
31777070602  2007 2022 2013                                B 14    GOES 1.2E-04
31777070602  2104 2116 2110                                B 76    GOES 4.1E-04
31777070602  2254 2300 2258                                B 18    GOES 5.8E-05
31777070603  0041 0057 0052                                B 36    GOES 2.8E-04
31777070603  0057 0108 0102                                B 47    GOES 2.6E-04
31777070603  0128 0140 0134                                B 88    GOES 4.7E-04
31777070603  0151 0204 0159 S10E68SB                       M 24    GOES 7.9E-03 10960
31403070603  0158 0222 0158 S10E68SBE       86                     LEAR3ZU      10960 0706 8.2 00050
31777070603  0206 0216 0212                                M 70    GOES 2.8E-02
31777070603  0231 0241 0236                                C 16    GOES 7.9E-04
31777070603  0405 0431 0415                                B 95    GOES 1.0E-03
31777070603  0519 0525 0522                                B 21    GOES 6.0E-05
31777070603  0618 0626 0622                                B 16    GOES 6.8E-05
31777070603  0636 0643 0641 S06E63SF                       M 45    GOES 9.0E-03 10960
31547070603  0639 0733 0643 S05E611NE                              KANZ2        10960 0706 7.8 00060
31403070603  0640E0647 0640US06E63SFE       60                     LEAR2UF      10960 0706 8.0 00060
31777070603  0923 0931 0928                                C 53    GOES 1.2E-03
31547070603  0926 0931 0929 S07E65SFE                              KANZ2        10960 0706 8.3 00070
31777070603  1118 1130 1126                                B 33    GOES 2.0E-04
31777070603  1810 1821 1816                                B 60    GOES 2.7E-04
31777070603  1843 1850 1847                                B 16    GOES 6.1E-05
31777070603  2015 2052 2040                                B 55    GOES 7.4E-04
31777070603  2335 2343 2339                                B 19    GOES 8.2E-05
31777070604  0216 0234 0220                                B 15    GOES 1.6E-04
31777070604  0320 0334 0326                                B 22    GOES 1.6E-04
31777070604  0351 0401 0359 S04E47SF                       B 22    GOES 1.1E-04 10960
31403070604  0358 0359 0359 S04E47SFE       19                     LEAR3UE      10960 0706 7.7 00080
31403070604  0434 0438 0436 S07E50SFE       30                     LEAR3FE      10960 0706 7.9 00090
31777070604  0440 0451 0446 S05E501F                       B 50    GOES 2.5E-04 10960
31403070604  0443 0456 0445 S05E501FE      113                     LEAR3FH      10960 0706 7.9 00100
31403070604  0459 0503 0459 S07E49SFE       39                     LEAR3        10960 0706 7.9 00110
31403070604  0505 0642 0514 S07E513BE      688                     LEAR3UF      10960 0706 8.0 00120
31777070604  0506 0516 0513 S07E513B                       M 89    GOES 2.2E-02 10960
31403070604  0646 0652 0647 S09E52SFE       36                     LEAR3H       10960 0706 8.2 00130
31403070604  0653 0731 0711 S09E45SFE       81                     LEAR3H       10960 0706 7.7 00140
31777070604  0708 0718 0713 S09E45SF                       B 56    GOES 2.8E-04 10960
31403070604  0732 0734 0732 S07E48SFE       50                     LEAR3        10960 0706 7.9 00150
31403070604  0739 0744 0739 S07E481FE      209                     LEAR3        10960 0706 7.9 00160
31403070604  0745 0800 0747 S07E50SFE       55                     LEAR3        10960 0706 8.1 00170
31777070604  0825 0835 0829 S06E49SF                       B 27    GOES 1.2E-04 10960
31403070604  0827 0851 0830 S06E49SFE       74                     LEAR3        10960 0706 8.0 00180
31547070604  0843E0844U0843ES08E48SFE                              KANZ2        10960 0706 8.0 00180
31403070604  0920 0923 0921 S06E471FE      139                     LEAR3        10960 0706 7.9 00190
31777070604  0941 0949 0945                                B 86    GOES 2.6E-04
31777070604  1158 1206 1202                                B 27    GOES 9.4E-05
31777070604  1306 1314 1309                                B 16    GOES 7.0E-05
31777070604  1404 1419 1412                                B 41    GOES 2.7E-04
31777070604  1555 1610 1603                                B 55    GOES 3.6E-04
31777070604  1641 1646 1644                                B 20    GOES 5.2E-05
31777070604  1732 1737 1735                                B 22    GOES 6.1E-05
31777070604  1847 1854 1851                                B 25    GOES 7.3E-05
31777070604  1920 1931 1926                                B 16    GOES 8.9E-05
31777070604  1939 1954 1945                                B 29    GOES 2.2E-04
31777070604  2052 2058 2056                                B 21    GOES 5.2E-05
31777070604  2108 2115 2111                                B 17    GOES 6.5E-05
31777070604  2118 2131 2126                                B 37    GOES 2.2E-04
31777070604  2332 2342 2336                                B 13    GOES 7.1E-05
31403070605  0401 0409 0406 S07E36SFE       74                     LEAR3        10960 0706 7.9 00200
31777070605  0415 0429 0423                                C 12    GOES 6.5E-04
31403070605  0416E0433D0419US07E33SFE       84                     LEAR3        10960 0706 7.6 00210
31777070605  0456 0503 0459 S05E27SF                       B 16    GOES 5.9E-05 10960
31403070605  0501 0504 0502 S05E27SFE       38                     LEAR3FH      10960 0706 7.2 00220
31403070605  0506 0518 0506 S05E27SFE       31                     LEAR3H       10960 0706 7.2 00230
31403070605  0519 0523 0520 S09E37SFE       23                     LEAR3        10960 0706 8.0 00240
31403070605  0524 0527 0525 S08E32SFE       22                     LEAR3        10960 0706 7.6 00250
31403070605  0902 0923 0915 S11E31SFE       79                     LEAR3FH      10960 0706 7.7 00260
31777070605  0920 0939 0927 S10E32SF                       B 47    GOES 4.7E-04 10960
31403070605  0923 0930 0927 S10E32SFE       59                     LEAR3        10960 0706 7.8 00270
31777070605  1204 1209 1207                                B 20    GOES 5.1E-05
31777070605  1529 1625 1613 S07E301F                       C 66    GOES 7.8E-03 10960
31649070605  1556 1641 1612 S07E301FE      152                     HOLL3UF      10960 0706 7.9 00280
31777070605  1726 1733 1731                                B 32    GOES 1.1E-04
31777070605  2320 2340 2330                                B 16    GOES 1.7E-04
31777070606  0348 0356 0353                                B 15    GOES 6.2E-05
31777070606  0428 0443 0434                                B 28    GOES 2.0E-04
31777070606  1321 1333 1329                                B 31    GOES 1.8E-04
31777070606  1655 1735 1725 S07E162F                       C 97    GOES 7.2E-03 10960
31649070606  1719 1809 1722 S07E162FE      252                     HOLL3F       10960 0706 7.9 00290
31777070606  2255 2311 2306                                B 20    GOES 1.7E-04
31777070606  2313 2331 2328                                C 17    GOES 7.8E-04
31777070607  0018 0049 0045                                B 76    GOES 6.6E-04
31777070607  0133 0146 0140                                B 66    GOES 3.2E-04
31403070607  0347 0350 0348 S07E09SFE       14                     LEAR3        10960 0706 7.8 00300
31777070607  0622 0650 0644                                C 39    GOES 2.2E-03
31777070607  0831 0837 0835                                B 49    GOES 1.1E-04
31777070607  1010 1107 1052                                C 11    GOES 2.4E-03
31777070607  1707 1725 1720 S07E02SF                       B 97    GOES 6.5E-04 10960
31649070607  1713 1730 1721 S07E02SFE       55                     HOLL3F       10960 0706 7.9 00310
31777070608  0131 0143 0138                                C 16    GOES 6.5E-04
31777070608  0338 0352 0342                                B 17    GOES 1.2E-04
31777070608  0410 0425 0421                                C 23    GOES 9.2E-04
31777070608  0455 0505 0502 S08W05SF                       C 14    GOES 4.4E-04 10960
31403070608  0457 0515 0501 S08W05SFE       66                     LEAR3FE      10960 0706 7.8 00320
31777070608  0733 0749 0741                                B 32    GOES 2.4E-04
31777070608  0822 0900 0846                                C 29    GOES 4.5E-03
31547070608  0842 0910 0902US08W08SFE                              KANZ2        10960 0706 7.8 00330
31403070608  0903 0908 0905 S07W07SFE       57                     LEAR3        10960 0706 7.8 00330
31777070608  1042 1055 1048                                B 38    GOES 2.3E-04
31777070608  1207 1215 1212                                B 53    GOES 1.5E-04
31777070608  1233 1244 1238                                B 76    GOES 3.2E-04
31777070608  1333 1349 1344                                B 31    GOES 2.4E-04
31777070608  1409 1452 1445 S06W12SF                       C 15    GOES 2.6E-03 10960
31649070608  1422 1456 1445 S06W12SFE       32                     HOLL3        10960 0706 7.7 00340
31777070608  1700 1718 1708                                B 45    GOES 3.8E-04
31777070608  1845 1913 1857                                B 43    GOES 5.3E-04
31777070608  2208 2235 2225                                B 26    GOES 3.0E-04
31777070608  2321 2328 2325                                B 22    GOES 6.9E-05
31777070609  0929 0948 0941                                B 86    GOES 5.6E-04
31777070609  1330 1405 1348 S10W232F                       M 10    GOES 1.4E-02 10960
31526070609  1336 1407 1348 S10W232FE      537                     SVTO3FS      10960 0706 7.8 00350
31777070609  2335 0004 2352                                B 66    GOES 8.6E-04
31777070610  0506 0520 0512                                B 16    GOES 1.1E-04
31777070610  0721 0735 0727                                B 19    GOES 1.3E-04
31777070610  0931 0937 0934                                B 10    GOES 3.3E-05
31777070610  0945 0956 0951                                B 14    GOES 7.4E-05
31777070610  1101 1114 1111 S11W40SF                       C 19    GOES 5.6E-04 10960
31547070610  1103 1116 1111 S09W36SFE                              KANZ2        10960 0706 7.7 00360
31526070610  1110 1116 1110 S11W40SFE       45                     SVTO3        10960 0706 7.4 00360
31777070610  1833 1842 1837 S08W44SF                       B 11    GOES 4.5E-05 10960
31649070610  1836 1839 1836 S08W44SFE       17                     HOLL3F       10960 0706 7.5 00370
31777070610  2348 0049 0027                                B 81    GOES 2.0E-03
31649070610  2351 2405 2355 S07W45SFE       16                     HOLL3F       10960 0706 7.6 00380
31777070611  0355 0406 0400 S09W47SF                       B 13    GOES 6.8E-05 10960
31403070611  0357 0404 0359 S09W47SFE       37                     LEAR3F       10960 0706 7.6 00390
31777070611  1255 1302 1259                                B 24    GOES 5.8E-05
31777070611  2141 2153 2145                                B 10    GOES 7.2E-05
31777070612  1914 1947 1931                                B 31    GOES 4.9E-04
31777070613  1318 1403 1347                                B 42    GOES 8.9E-04
31777070615  0435 0518 0447                                B 20    GOES 4.5E-04
31777070627  0221 0231 0227                                B 19    GOES 7.7E-05
31777070627  1005 1025 1019                                B 31    GOES 2.4E-04
31777070627  1302 1308 1305                                B 11    GOES 3.0E-05
31777070627  1405 1424 1418                                B 37    GOES 2.8E-04
31777070627  1749 1803 1800                                C 13    GOES 4.8E-04
31777070628  0110 0121 0117                                B 12    GOES 7.3E-05
31777070628  0659 0723 0707 S08E73SF                       B 15    GOES 2.0E-04 10962
31403070628  0702 0732 0708 S08E73SFE       28                     LEAR3        10962 0707 3.8 00400
31403070628  0803 0808 0804 S07E68SFE       17                     LEAR3        10962 0707 3.4 00410
31777070628  1410 1431 1423                                B 29    GOES 2.6E-04
31777070628  1708 1725 1717 S09E72SF                       B 32    GOES 2.4E-04 10962
31649070628  1713 1719 1715 S09E72SFE       13                     HOLL3E       10962 0707 4.1 00420
31777070629  0023 0033 0028                                B 14    GOES 6.2E-05
31777070629  0055 0105 0100                                B 14    GOES 6.3E-05
31777070629  0115 0130 0124                                B 32    GOES 2.1E-04
31777070629  0230 0245 0239 S08E66SF                       B 37    GOES 2.1E-04 10962
31403070629  0231 0252 0238 S08E66SFE       28                     LEAR3        10962 0707 4.0 00430
31777070629  0450 0457 0454 S09E64SF                       B 10    GOES 4.0E-05 10962
31403070629  0450 0501 0455 S09E64SFE       23                     LEAR3        10962 0707 4.0 00440
31403070629  0754 0758 0754 S09E24SFE       12                     LEAR3        10961 0707 1.1 00450
31777070629  0805 0829 0814 S08E63SF                       B 30    GOES 3.3E-04 10962
31547070629  0807 0824 0816 S07E61SFE                              KANZ2        10962 0707 3.9 00460
31403070629  0807 0837 0823 S08E63SFE       83                     LEAR3        10962 0707 4.1 00460
31777070629  1001 1014 1008                                B 95    GOES 4.5E-04 10962
31777070629  1828 1841 1836 S09E57SF                       B 25    GOES 1.3E-04 10962
31649070629  1832 1839 1836 S09E57SFE       10                     HOLL3        10962 0707 4.0 00470
31777070629  1942 1959 1947                                B 13    GOES 1.1E-04
31777070629  2004 2017 2013                                C 11    GOES 4.8E-04 10962
31777070701  0822 0832 0828                                B 22    GOES 9.4E-05
31547070701  0823 0834 0829 S07E36SFE                              KANZ2        10962 0707 4.0 00010
31777070701  2144 2153 2149                                B 29    GOES 8.3E-05
31403070703  0229 0237 0234 S11W19SFE       13                     LEAR3        10961 0707 1.7 00020
31777070707  0333 0359 0344                                B 75    GOES 7.7E-05
31777070707  0738 0748 0744                                B 12    GOES 5.9E-05
31777070707  1056 1151 1118                                B 91    GOES 2.0E-03
31777070707  1215 1248 1241                                B 38    GOES 6.1E-04
31777070707  1317 1329 1322                                B 47    GOES 2.5E-04
31777070707  1400 1452 1430                                C 19    GOES 3.0E-03
31777070707  1647 1733 1721                                B 40    GOES 9.1E-04
31777070707  1844 1901 1851                                B 26    GOES 2.0E-04
31777070707  2011 2025 2016                                B 18    GOES 1.2E-04
31777070707  2124 2156 2147                                B 69    GOES 8.2E-04
31777070707  2310 2316 2313                                B 12    GOES 3.6E-05
31777070707  2318 2344 2339                                B 19    GOES 2.4E-04
31777070708  0023 0044 0036                                B 29    GOES 2.5E-04
31777070708  0058 0118 0108                                B 47    GOES 4.1E-04
31777070708  0402 0412 0406 S08E77SF                       B 11    GOES 5.8E-05 10963
31403070708  0402 0443 0432 S08E77SFE       57                     LEAR3FE      10963 070713.9 00030
31403070708  0448 0455 0449 S08E77SFE       22                     LEAR3FE      10963 070714.0 00040
31403070708  0456 0509 0500 S07E79SFE       16                     LEAR3FE      10963 070714.1 00050
31403070708  0511 0603 0547 S07E77SFE       26                     LEAR3FE      10963 070714.0 00060
31777070708  0541 0553 0548 S07E77SF                       B 25    GOES 1.3E-04 10963
31403070708  0620 0626 0621 S06E75SFE       12                     LEAR3F       10963 070713.9 00070
31777070708  0647 0655 0651                                B 17    GOES 6.3E-05
31777070708  0717 0741 0736                                B 40    GOES 3.5E-04
31777070708  0811 0835 0827                                B 40    GOES 4.2E-04
31777070708  0851 0901 0855                                B 25    GOES 1.3E-04
31777070708  1006 1033 1025                                B 43    GOES 4.9E-04
31777070708  1120 1137 1127                                B 32    GOES 2.9E-04
31777070708  1156 1237 1226                                B 49    GOES 1.0E-03
31777070708  1327 1403 1345                                C 11    GOES 1.6E-03
31777070708  1504 1510 1507                                B 18    GOES 5.8E-05
31777070708  1552 1611 1602                                C 10    GOES 8.6E-04
31777070708  1648 1706 1658                                C 18    GOES 1.4E-03
31649070708  1747 1752 1748 S07E71SFE       11                     HOLL3        10963 070714.0 00080
31649070708  1753 1807 1757 S07E71SFE       44                     HOLL3        10963 070714.1 00090
31777070708  1754 1759 1757 S07E71SF                       B 98    GOES 1.8E-04 10963
31649070708  1814 1827 1820 S08E74SFE       30                     HOLL3E       10963 070714.3 00100
31777070708  1818 1824 1821 S08E74SF                       B 46    GOES 1.4E-04 10963
31777070708  1921 1930 1927                                B 27    GOES 1.1E-04
31649070708  1951 1956 1951 S07E70SFE       14                     HOLL3        10963 070714.1 00110
31777070708  2019 2024 2022                                B 14    GOES 3.8E-05
31777070708  2057 2105 2101                                B 13    GOES 5.6E-05
31777070708  2134 2222 2214                                B 67    GOES 8.7E-04
31777070708  2313 2319 2316                                B 21    GOES 6.5E-05
31649070708  2330 2342 2336 S07E68SFE       14                     HOLL3        10963 070714.1 00120
31777070709  0025 0121 0107                                B 47    GOES 1.1E-03
31777070709  0127 0139 0134                                B 78    GOES 4.6E-04
31777070709  0145 0216 0159                                C 10    GOES 1.5E-03
31777070709  0250 0259 0254                                B 63    GOES 2.7E-04
31403070709  0418 0455 0437 S07E62SNE       68                     LEAR3F       10963 070713.8 00130
31777070709  0432 0439 0436 S07E62SN                       B 53    GOES 1.6E-04 10963
31526070709  0435 0441 0437 S04E74SFE       46                     SVTO3        10963 070714.7 00140
31403070709  0456 0629D0542 S07E62SFE       70                     LEAR3FH      10963 070713.8 00150
31777070709  0534 0622 0614 S07E62SF                       C 17    GOES 1.7E-03 10963
31526070709  0537 0541 0538 S04E71SFE       28                     SVTO3        10963 070714.5 00160
31777070709  0749 0806 0801                                B 47    GOES 2.4E-04
31777070709  0847 0939 0920                                B 58    GOES 1.2E-03
31777070709  1007 1013 1011                                B 30    GOES 8.4E-05
31777070709  1126 1134 1129                                B 16    GOES 6.9E-05
31777070709  1143 1148 1146                                B 15    GOES 3.9E-05
31777070709  1156 1201 1159                                B 14    GOES 3.7E-05
31777070709  1215 1226 1222                                B 19    GOES 9.9E-05
31777070709  1301 1307 1305                                B 13    GOES 3.9E-05
31777070709  1317 1334 1325                                B 20    GOES 1.7E-04
31777070709  1345 1354 1350                                B 38    GOES 1.7E-04
31777070709  1440 1538 1526 N00E63SF                       B 47    GOES 1.0E-03 10963
31526070709  1521 1528 1524 N00E63SFE       10                     SVTO3        10963 070714.3 00170
31777070709  1615 1622 1620 S07E59SF                       B 69    GOES 1.7E-04 10963
31526070709  1619 1627 1620 S01E59SFE       31                     SVTO3        10963 070714.1 00180
31649070709  1619 1625 1620 S07E59SFE       24                     HOLL3E       10963 070714.1 00180
31777070709  1646 1651 1649                                B 27    GOES 7.3E-05
31777070709  1657 1704 1701                                B 28    GOES 1.1E-04
31526070709  1712 1723 1715 S02E59SFE       26                     SVTO3        10963 070714.1 00190
31777070709  1759 1807 1803 S07E58SF                       B 16    GOES 6.1E-05 10963
31649070709  1805 1809 1807 S07E58SFE       10                     HOLL3E       10963 070714.1 00200
31777070709  1903 1913 1909 S07E56SF                       B 29    GOES 1.3E-04 10963
31649070709  1907 1921 1909 S07E56SFE       24                     HOLL3E       10963 070714.0 00210
31649070709  1947 1952 1947 S07E57SFE       12                     HOLL3E       10963 070714.1 00220
31649070709  2000 2009 2000 S07E57SFE       10                     HOLL3E       10963 070714.1 00230
31649070709  2035 2044 2039 S07E54SFE       15                     HOLL3FH      10963 070713.9 00240
31777070709  2106 2122 2116 S07E54SF                       B 38    GOES 2.5E-04 10963
31649070709  2109 2125 2117 S07E54SFE       52                     HOLL3FH      10963 070713.9 00250
31777070709  2147 2200 2156                                B 37    GOES 2.3E-04
31777070709  2232 2308 2305                                C 13    GOES 9.7E-04
31777070709  2346 2354 2352                                B 25    GOES 7.5E-05
31403070710  0020 0043 0031 S07E541FE      112                     LEAR3        10963 070714.0 00260
31777070710  0021 0031 0025 S07E541F                       B 33    GOES 1.6E-04 10963
31777070710  0053 0111 0101 S06E521B                       C 38    GOES 2.1E-03 10963
31403070710  0054 0237 0100 S06E521BE      188                     LEAR3E       10963 070713.9 00270
31777070710  0132 0146 0137                                C 43    GOES 2.3E-03
31403070710  0238 0249 0243 S07E53SFE       33                     LEAR3        10963 070714.1 00280
31777070710  0252 0300 0256 S07E53SF                       B 31    GOES 1.2E-04 10963
31403070710  0255 0307 0257 S07E53SFE       35                     LEAR3        10963 070714.1 00290
31403070710  0315 0323 0318 S07E53SFE       80                     LEAR3        10963 070714.1 00300
31777070710  0329 0343 0333 S07E531N                       C 44    GOES 2.3E-03 10963
31403070710  0331 0616 0333 S07E531NE       87                     LEAR3F       10963 070714.1 00310
31777070710  0432 0439 0436                                B 70    GOES 2.6E-04
31777070710  0446 0505 0503                                C 12    GOES 9.3E-04
31777070710  0539 0548 0544                                B 26    GOES 1.1E-04
31777070710  0617 0639 0631 S07E51SF                       C 14    GOES 1.1E-03 10963
31403070710  0620 0648 0626 S07E51SFE       69                     LEAR3        10963 070714.1 00320
31526070710  0626 0629 0626 S04E50SFE       14                     SVTO3        10963 070714.0 00320
31777070710  0708 0728 0721 S04E50SF                       C 74    GOES 4.8E-03 10963
31526070710  0711 0739 0721 S04E50SFE       54                     SVTO3        10963 070714.0 00330
31403070710  0711 0811 0722 S07E51SBE      104                     LEAR3        10963 070714.1 00330
31777070710  0739 0752 0748 S04E49SF                       C 28    GOES 1.7E-03 10963
31526070710  0740 0800 0742 S04E49SFE       28                     SVTO3        10963 070714.0 00340
31777070710  0919 0952 0942                                B 18    GOES 2.6E-04
31777070710  1000 1006 1004 S04E47SF                       B 44    GOES 9.5E-05 10963
31526070710  1004 1010 1004 S04E47SFE       12                     SVTO3        10963 070713.9 00350
31777070710  1032 1055 1040                                B 54    GOES 4.6E-04
31827070710  1046E1102      S06E49SFP1049   40        18           KHAR2OD      10963 070714.1 00360
31777070710  1111 1129 1121 S04E47SF                       C 19    GOES 1.2E-03 10963
31526070710  1114 1129 1117 S04E47SFE       11                     SVTO3        10963 070714.0 00370
31777070710  1235 1246 1240 S04E47SF                       C 82    GOES 3.1E-03 10963
31526070710  1238 1258 1240 S04E47SFE       45                     SVTO3F       10963 070714.0 00380
31827070710  1250U1310      S06E47SNP1305  120                     KHAR2OE      10963 070714.0 00380
31777070710  1511 1522 1516                                B 22    GOES 1.0E-04
31777070710  1551 1606 1603                                B 46    GOES 1.8E-04
31777070710  1641 1657 1651                                B 32    GOES 2.1E-04
31777070710  1713 1724 1719                                B 16    GOES 9.7E-05
31777070710  1728 1746 1732                                B 22    GOES 2.1E-04
31777070710  1748 1804 1753 S07E45SF                       C 52    GOES 3.3E-03 10963
31649070710  1750 1811 1754 S07E45SFE       55                     HOLL3        10963 070714.1 00390
31777070710  2050 2106 2101                                C 18    GOES 6.4E-04
31777070710  2215 2228 2223 S06E41SF                       B 61    GOES 2.5E-04 10963
31649070710  2218 2229 2223 S06E41SFE       24                     HOLL3H       10963 070714.0 00400
31649070710  2232 2239 2234 S06E41SFE       10                     HOLL3        10963 070714.0 00410
31777070710  2239 2251 2246 S06E41SF                       C 10    GOES 4.3E-04 10963
31649070710  2244 2249 2244 S06E41SFE       13                     HOLL3        10963 070714.0 00420
31403070710  2351 2419 2405 S07E531FE      124                     LEAR3F       10963 070715.0 00430
31777070711  0005 0013 0009 S07E39SF                       B 13    GOES 5.1E-05 10963
31403070711  0008 0017 0010 S07E39SFE       13                     LEAR3F       10963 070713.9 00440
31777070711  0537 0548 0541                                B 11    GOES 6.2E-05
31777070711  1002 1032 1020                                B 22    GOES 3.5E-04
31777070711  1141 1226 1206                                B 78    GOES 1.4E-03
31777070714  2215 2224 2219                                B 11    GOES 5.2E-05
31403070715  0630 0636 0632 N05W45SFE       20                     LEAR3        10964 070711.9 00450
31777070715  1130 1146 1139                                B 26    GOES 1.8E-04
31777070716  0050 0111 0101 N05W55SF                       B 29    GOES 2.7E-04 10964
31403070716  0052 0131 0100 N05W55SFE       38                     LEAR3        10964 070711.9 00460
31403070718  0139 0149 0141 N05W781FE      114                     LEAR3        10964 070712.2 00480
31403070718  0139 0149 0141 S02W631FE      114                     LEAR3        10963 070713.4 00470
31403070718  0318 0331 0325 S04W60SFE       23                     LEAR3        10963 070713.6 00490
31777070718  1350 1400 1354 S03W64SF                       B 19    GOES 8.3E-05 10963
31649070718  1353 1357 1353 S03W64SFE       15                     HOLL3F       10963 070713.8 00500
31403070728  0228 0232 0230 S11E35SFE       60                     LEAR3F       10965 070730.7 00510
31403070728  0252 0300 0252 S12E35SFE       82                     LEAR3F       10965 070730.7 00520
31777070728  0715 0724 0719 S15E25SF                       B 14    GOES 5.4E-05 10965
31403070728  0716 0739 0718 S15E25SFE       31                     LEAR3        10965 070730.2 00530
31403070806  0106 0217 0154 S07E44SNE       82                     LEAR3        10966 0708 9.3 00010
31777070806  0145 0159 0153 S07E44SN                       B 42    GOES 2.4E-04 10966
31403070806  0304 0331 0304 S08E451FE      141                     LEAR3        10966 0708 9.5 00020
31403070806  0419 0441 0422 S08E44SFE       70                     LEAR3        10966 0708 9.5 00030
31777070806  0905 0921 0913 S05E41SF                       C 15    GOES 8.5E-04 10966
31403070806  0906 0930 0919 S08E412BE      264                     LEAR1EF      10966 0708 9.4 00040
31547070806  0909 0924 0916 S05E40SFE                              KANZ2        10966 0708 9.4 00040
31526070806  0910 0923 0910 S05E41SFE       20                     SVTO2F       10966 0708 9.4 00040
31777070806  1524 1546 1537 S08E38SF                       C 11    GOES 1.0E-03 10966
31649070806  1527 1554 1531 S08E38SFE       37                     HOLL3F       10966 0708 9.5 00050
31777070806  2240 2255 2248                                B 13    GOES 1.1E-04
31777070808  1226 1236 1230                                B 14    GOES 7.6E-05
31777070814  1744 1749 1747                                B 14    GOES 2.2E-05
31777070817  2306 2321 2312                                B 12    GOES 9.7E-05
31777070818  1121 1147 1136                                B 33    GOES 3.7E-04
31777070818  2234 2244 2238                                B 10    GOES 5.7E-05
31777070822  1129 1143 1135                                B 12    GOES 8.9E-05
31777070824  0749 0758 0754 S06E41SN                       C 20    GOES 5.6E-04 10969
31403070824  0750 0810 0754 S06E41SNE       87                     LEAR3FH      10969 070827.4 00060
31547070824  0750 0807 0755 S04E44SNE                              KANZ2        10969 070827.6 00060
31777070824  1148 1156 1153 S03E45SF                       B 34    GOES 8.9E-05 10969
31547070824  1149 1202 1154 S04E41SFE                              KANZ2        10969 070827.5 00070
31526070824  1153 1157 1153 S03E45SFE       12                     SVTO3F       10969 070827.8 00070
31777070824  1934 1940 1937                                B 11    GOES 2.5E-05
31777070824  2326 2334 2330 S04E36SF                       B 22    GOES 8.1E-05 10969
31403070824  2329 2334 2331 S04E36SFE       13                     LEAR3        10969 070827.7 00080
31777070831  0154 0204 0159                                B 11    GOES 5.9E-05
31403070831  0536 0539 0537 S07W49SFE       35                     LEAR3        10969 070827.6 00090
31777070831  0649 0657 0653                                B 15    GOES 5.3E-05
31777070831  1618 1628 1622                                B 11    GOES 6.0E-05
31777070901  2103 2109 2106                                B 11    GOES 2.5E-05
31777070902  0234 0239 0237                                B 11    GOES 2.4E-05
31777070902  1526 1532 1529                                B 12    GOES 2.7E-05
31777070903  0103 0109 0106                                B 11    GOES 3.2E-05
31777070904  0003 0025 0009                                B 20    GOES 2.1E-04
31777070908  0013 0024 0019                                B 30    GOES 1.2E-04
31777071005  2304 2309 2307                                B 12    GOES 2.0E-05
31403071113  0343 0349 0344 S07W69SFE       12                     LEAR3        10973A0711 8.0 00010
31777071117  0427 0434 0431 N12W12SF                       B 10    GOES 3.7E-05 10974
31403071117  0430 0436 0431 N12W12SFE       13                     LEAR3F       10974 071116.3 00020
31403071201  2311 0205 2403 S06E65SFE       32                     LEAR3M       10977 0712 6.8 00010
31403071202  0205 0210 0205 S06E64SFE       25                     LEAR3        10977 0712 6.9 00020
31403071202  0212 0225 0217 S06E65SFE       27                     LEAR3EH      10977 0712 6.9 00030
31403071202  0226 0231 0228 S06E64SFE       15                     LEAR3EH      10977 0712 6.9 00040
31403071202  0237 0243 0238 S06E64SFE       11                     LEAR3H       10977 0712 6.9 00050
31403071202  0300 0304 0300 S06E64SFE       10                     LEAR3        10977 0712 6.9 00060
31403071202  0320 0325 0323 S06E64SFE       17                     LEAR3        10977 0712 6.9 00070
31403071202  0330 0341 0338 S06E64SFE       10                     LEAR3        10977 0712 6.9 00080
31403071202  0350 0355 0352 S06E64SFE       29                     LEAR3        10977 0712 7.0 00090
31403071202  0403 0411 0408 S06E63SFE       10                     LEAR3        10977 0712 6.9 00100
31777071202  1954 2009 2005 S07E66SF                       B 70    GOES 3.4E-04 10977
31649071202  1959 2017 2005 S07E66SFE       56                     HOLL3        10977 0712 7.8 00110
31403071202  2256 2300 2256 S07E65SFE       12                     LEAR3        10977 0712 7.8 00120
31403071204  0018 0022 0019 S06E39SFE       11                     LEAR3        10977 0712 6.9 00130
31777071205  0412 0418 0415 S04E22SF                       B 11    GOES 2.4E-05 10977
31403071205  0414 0423 0416 S04E22SFE       38                     LEAR3UF      10977 0712 6.8 00140
31403071205  2342 2344 2344 S10E76SFE       18                     LEAR3        10978 071211.7 00150
31403071205  2342 2347 2344 S10E76SFE       18                     LEAR3        10978 071211.7 00160
31403071206  0009 0019 0010 S11E76SFE       77                     LEAR3        10978 071211.7 00170
31403071206  0157 0159 0157 S12E80SFE       20                     LEAR3        10978 071212.1 00180
31403071206  0313 0320 0313 S11E78SFE       16                     LEAR3        10978 071212.0 00190
31403071206  0433 0439 0437 S12E79SFE       12                     LEAR3        10978 071212.1 00200
31403071206  0442 0450 0447 S10E76SFE       26                     LEAR3        10978 071211.9 00210
31403071206  0735 0740 0738 S12E76SFE       19                     LEAR3        10978 071212.0 00220
31403071206  2247 2251 2249 S10E67SFE       74                     LEAR3        10978 071212.0 00230
31403071206  2252 2257 2253 S10E671FE      105                     LEAR3        10978 071212.0 00240
31403071206  2300 0234 2450 S10E662FE      431                     LEAR3        10978 071211.9 00250
31403071207  0246      0252 S11E652FE      484                     LEAR3        10978 071212.0 00260
31403071207  0246 0458 0259 S11E662FE      463                     LEAR3        10978 071212.1 00270
31777071207  0435 0455 0441 S05W06SF                       B 14    GOES 1.5E-04 10977
31403071207  0436 0501 0439 S05W06SFE       70                     LEAR3U       10977 0712 6.7 00280
31403071207  0541 0555 0549 S10E63SFE       18                     LEAR3        10978 071212.0 00290
31403071207  0605 0611 0608 S10E63SFE       31                     LEAR3        10978 071212.0 00310
31403071207  0612 0615 0612 S10E63SFE       59                     LEAR3        10978 071212.0 00320
31403071207  0620 0634 0621 S10E63SFE       50                     LEAR3        10978 071212.0 00300
31403071207  0635 0655 0650 S10E63SFE       29                     LEAR3        10978 071212.0 00330
31403071207  0706 0710 0708 S10E63SFE       13                     LEAR3        10978 071212.0 00340
31403071207  0745 0749 0745 S10E62SFE       10                     LEAR3        10978 071212.0 00350
31403071207  0757 0801 0759 S10E62SFE       11                     LEAR3        10978 071212.0 00360
31403071207  0841 0848 0843 S10E62SFE       14                     LEAR3        10978 071212.0 00370
31403071207  0848 0939 0918 S11E62SFE       50                     LEAR3        10978 071212.0 00380
31403071207  0941 1004 0945 S10E61SFE       64                     LEAR3        10978 071212.0 00390
31777071207  1426 1504 1450                                B 18    GOES 3.6E-04
31403071207  2220 2230 2225 S11E55SFE       16                     LEAR2        10978 071212.1 00400
31403071207  2243 2249 2244 S11E52SFE       47                     LEAR2        10978 071211.8 00410
31403071207  2349 2353 2349 S11E52SFE       16                     LEAR3        10978 071211.9 00420
31403071207  2356 2402 2358 S11E52SFE       25                     LEAR3        10978 071211.9 00430
31403071208  0012 0016 0012 S11E51SFE       22                     LEAR3        10978 071211.8 00440
31403071208  0035 0042 0039 S11E51SFE       61                     LEAR3        10978 071211.9 00450
31403071208  0044 0100 0058 S11E51SFE       74                     LEAR3        10978 071211.9 00460
31403071208  0108 0128 0117 S11E51SFE       35                     LEAR3        10978 071211.9 00470
31403071208  0129 0135 0133 S11E51SFE       39                     LEAR3        10978 071211.9 00480
31403071208  0136 0210 0201 S11E50SFE       45                     LEAR3        10978 071211.8 00490
31403071208  0210 0250 0216 S11E50SFE       54                     LEAR3        10978 071211.8 00500
31777071208  0325 0338 0330 N07W55SF                       B 10    GOES 7.0E-05 10978
31403071208  0327 0332 0330 N07W55SFE       61                     LEAR3        10979 0712 4.0 00510
31403071208  0328 0334 0330 S11E50SFE       42                     LEAR3        10978 071211.9 00540
31403071208  0333 0336 0334 N07W55SFE       59                     LEAR3        10979 0712 4.0 00520
31403071208  0340 0347 0342 N07W56SFE       70                     LEAR3        10979 0712 3.9 00530
31403071208  0340 0347 0343 S11E50SFE       41                     LEAR3        10978 071211.9 00550
31403071208  0359 0414 0403 N07W55SFE       91                     LEAR3        10979 0712 4.0 00560
31403071208  0431 0434 0433 N07W56SFE       13                     LEAR3        10979 0712 4.0 00570
31777071208  0506 0540 0521                                B 23    GOES 3.8E-04
31403071208  0615 0618 0615 N08W58SFE       10                     LEAR3        10979 0712 3.9 00580
31403071208  0637 0642 0638 N07W58SFE       27                     LEAR3        10979 0712 3.9 00590
31403071208  0740 0744 0740 N07W58SFE       25                     LEAR3        10979 0712 4.0 00600
31403071208  0802 0823 0819 N07W59SFE       16                     LEAR3        10979 0712 3.9 00610
31403071208  0850 0853 0851 S11E49SFE       22                     LEAR3        10978 071212.0 00630
31403071208  0850 0854 0851 N07W59SFE       17                     LEAR3        10979 0712 3.9 00620
31777071208  1231 1241 1238                                B 14    GOES 7.1E-05
31403071209  0145 0158 0148 S10E40SFE       15                     LEAR3        10978 071212.1 00640
31777071209  0224 0255 0236 S11E33SF                       B 45    GOES 6.0E-04 10978
31403071209  0229 0245 0235 S11E33SFE       23                     LEAR3        10978 071211.6 00650
31403071209  0937 0949 0938 S11E34SFE       50                     LEAR3        10978 071211.9 00660
31403071209  0954 1008 1002 S11E35SFE       34                     LEAR3        10978 071212.0 00670
31777071209  1132 1141 1139                                B 12    GOES 5.8E-05
31777071209  1546 1613 1606 S10E25SF                       B 94    GOES 8.8E-04 10978
31649071209  1603 1621D1607US10E25SFE       38                     HOLL3        10978 071211.5 00680
31777071209  1643 1653 1649 S10E25SF                       B 84    GOES 3.2E-04 10978
31649071209  1646E1714D1646US10E25SFE       11                     HOLL3        10978 071211.6 00690
31777071209  1833 1854 1838                                B 23    GOES 2.2E-04
31777071209  1954 2009 2003                                B 15    GOES 1.2E-04
31777071209  2013 2021 2018 S10E23SF                       B 48    GOES 1.5E-04 10978
31649071209  2017 2034 2017 S10E23SFE       31                     HOLL3        10978 071211.6 00700
31777071210  0223 0249 0226                                B 10    GOES 1.3E-04
31777071210  0654 0705 0700 S09E21SF                       B 70    GOES 3.5E-04 10978
31403071210  0700 0716 0700 S09E21SFE       81                     LEAR4UF      10978 071211.9 00710
31777071210  0756 0829 0810                                B 36    GOES 6.2E-04
31547071210  0807E0830 0809 S10E22SFE                              KANZ2        10978 071212.0 00720
31403071210  0838 0846 0840 S09E21SFE       22                     LEAR3UF      10978 071211.9 00730
31547071210  0839 0845 0840 S11E22SFE                              KANZ2        10978 071212.0 00730
31777071210  1013 1033 1024                                B 12    GOES 1.4E-04
31777071210  1040 1059 1046                                B 20    GOES 1.8E-04
31777071210  1139 1156 1146                                B 35    GOES 2.4E-04
31777071210  1225 1233 1229                                B 31    GOES 1.0E-04
31777071210  1341 1349 1346                                B 28    GOES 9.3E-05
31777071211  0050 0057 0053                                B 10    GOES 3.9E-05
31403071211  0248 0256 0251 S10E06SFE       43                     LEAR3        10978 071211.6 00740
31403071211  0749 0753 0750 S08E09SFE       27                     LEAR3        10978 071212.0 00750
31403071211  0910 0915 0912 S06E08SFE       24                     LEAR3E       10978 071212.0 00760
31547071211  0926 0950 0928US06E10SFE                              KANZ2        10978 071212.1 00770
31403071211  0927 0934 0928 S06E091FE      124                     LEAR4F       10978 071212.1 00770
31547071211  0938 0950U0938 S07E09SFE                              KANZ2        10978 071212.1 00780
31403071211  0941 1005 0950 S07E08SFE       43                     LEAR3F       10978 071212.0 00780
31777071211  1052 1101 1055                                B 12    GOES 6.0E-05
31777071211  1320 1331 1326                                B 33    GOES 1.5E-04
31777071211  1949 2000 1956                                B 40    GOES 2.3E-04
31777071211  2056 2115 2110                                B 17    GOES 1.6E-04
31777071211  2152 2208 2156                                B 13    GOES 1.1E-04
31777071211  2329 2341 2336 S10E012F                       B 27    GOES 1.6E-04 10978
31403071211  2335 2340 2337 S10E012FE      331                     LEAR3E       10978 071212.0 00790
31777071211  2343 2350 2347 S07E01SF                       B 27    GOES 1.0E-04 10978
31403071211  2345 2403 2349 S07E01SFE       21                     LEAR3        10978 071212.1 00800
31777071212  0107 0120 0110                                B 19    GOES 1.3E-04
31777071212  0526 0544 0532 S10W09SF                       B 24    GOES 2.4E-04 10978
31403071212  0539 0541 0540 S10W09SFE       19                     LEAR3        10978 071211.5 00810
31403071212  1015 1023 1016 S13W09SFE       27                     LEAR3        10978 071211.7 00820
31777071212  1112 1118 1115                                B 18    GOES 5.4E-05
31777071212  1137 1149 1142                                B 18    GOES 1.1E-04
31777071212  1336 1349 1340                                B 25    GOES 1.5E-04
31777071212  1435 1443 1438                                B 16    GOES 7.1E-05
31777071212  1454 1501 1458                                B 31    GOES 1.1E-04
31777071212  1635 1653 1639                                B 13    GOES 1.3E-04
31777071212  1656 1710 1704                                B 22    GOES 1.6E-04
31777071212  1800 1810 1805 S09W10SF                       B 35    GOES 1.7E-04 10978
31649071212  1806 1812 1806 S09W10SFE       11                     HOLL3        10978 071212.0 00830
31649071212  1901 1923 1905 S12W12SFE       19                     HOLL3        10978 071211.9 00840
31777071212  2221 2236 2231 S11W15SF                       B 47    GOES 2.7E-04 10978
31403071212  2223 2317 2254 S11W15SFE       83                     LEAR3        10978 071211.8 00850
31649071212  2229 2235 2230 S08W12SFE       17                     HOLL3        10978 071212.0 00860
31777071212  2244 2250 2247                                B 28    GOES 8.8E-05
31777071213  0042 0050 0048 S09W14SF                       B 59    GOES 1.8E-04 10978
31403071213  0048 0056 0050 S09W142FE      432                     LEAR3        10978 071212.0 00870
31403071213  0048 0056 0050 S09W14SFE       60                     LEAR3        10978 071212.0 00880
31777071213  0101 0108 0104 S09W14SF                       B 78    GOES 2.2E-04 10978
31403071213  0102 0111 0105 S09W14SFE       63                     LEAR3        10978 071212.0 00890
31777071213  0122 0128 0125                                B 43    GOES 1.2E-04
31403071213  0142 0152 0143 S09W14SFE       70                     LEAR3        10978 071212.0 00900
31777071213  0215 0222 0219                                B 21    GOES 8.1E-05
31777071213  0239 0248 0244                                B 38    GOES 1.6E-04
31777071213  0337 0413 0404 S10W16SF                       B 76    GOES 9.6E-04 10978
31403071213  0359 0414 0401 S10W16SFE       88                     LEAR3        10978 071212.0 00910
31777071213  0432 0443 0437 S09W16SF                       B 46    GOES 2.4E-04 10978
31403071213  0437 0449 0441 S09W16SFE       30                     LEAR3        10978 071212.0 00920
31777071213  0506 0517 0511 S08W18SF                       B 35    GOES 2.0E-04 10978
31403071213  0507 0514 0510 S08W18SFE       27                     LEAR3        10978 071211.9 00930
31403071213  0515 0524 0516 S10W23SFE       16                     LEAR3        10978 071211.5 00940
31403071213  0533 0547 0537 S08W19SFE       23                     LEAR3        10978 071211.8 00950
31777071213  0556 0604 0559 S10W17SF                       B 33    GOES 1.4E-04 10978
31403071213  0559 0605 0600 S10W17SFE       40                     LEAR3        10978 071212.0 00960
31777071213  0839 0850 0845 S11W18SF                       B 49    GOES 2.5E-04 10978
31403071213  0842 0849 0842 S11W18SFE       15                     LEAR3        10978 071212.0 00970
31777071213  0922 0932 0927 S08W20SF                       B 27    GOES 1.2E-04 10978
31403071213  0931 0933 0931 S08W20SFE       14                     LEAR3        10978 071211.9 00980
31777071213  0939 1009 1003 S07W211F                       C 45    GOES 3.3E-03 10978
31403071213  0946 1023 0951 S07W211FE      100                     LEAR3F       10978 071211.8 00990
31526071213  0950 1018 1001 S08W20SFE       53                     SVTO3F       10978 071211.9 00990
31547071213  1001E1028 1001ES08W191FE                              KANZ2        10978 071212.0 00990
31777071213  1137 1152 1147                                B 22    GOES 1.7E-04
31777071213  1246 1300 1254                                B 21    GOES 1.6E-04
31777071213  1301 1313 1306                                B 44    GOES 2.5E-04
31777071213  1324 1332 1328                                B 27    GOES 1.1E-04
31777071213  1339 1354 1347                                B 66    GOES 3.9E-04
31777071213  1359 1412 1406                                C 10    GOES 5.4E-04
31777071213  1726 1737 1732                                B 27    GOES 1.4E-04
31777071213  2012 2019 2016                                B 16    GOES 6.0E-05
31777071213  2152 2219 2200 S07W25SF                       C 17    GOES 1.7E-03 10978
31649071213  2157 2300D2200 S07W25SFE       64                     HOLL3F       10978 071212.0 01000
31777071214  0135 0141 0139 S10W29SF                       B 96    GOES 1.6E-04 10978
31403071214  0139 0144 0141 S10W29SFE       46                     LEAR3        10978 071211.9 01010
31777071214  0745 0813 0803 S07W32SF                       B 60    GOES 7.2E-04 10978
31547071214  0747 0902D0830 S07W31SFE                              KANZ2        10978 071212.0 01020
31403071214  0751 0811 0759 S07W32SFE       20                     LEAR3        10978 071211.9 01030
31403071214  0812 0909 0831 S07W32SFE       71                     LEAR3        10978 071211.9 01020
31777071214  0813 0844 0831 S07W32SF                       C 11    GOES 1.7E-03 10978
31777071214  1044 1049 1047                                B 13    GOES 3.4E-05
31777071214  1203 1215 1208                                B 16    GOES 9.0E-05
31777071214  1411 1421 1416                                C 11    GOES 4.1E-04
31777071214  1511 1548 1522 S10W42SF                       B 88    GOES 1.4E-03 10978
31649071214  1516 1612 1525 S10W42SFE       60                     HOLL3F       10978 071211.5 01040
31777071214  1919 1933 1926                                B 19    GOES 1.4E-04
31777071214  2155 2231 2221                                B 25    GOES 4.6E-04
31777071215  0903 0935 0923                                B 38    GOES 5.8E-04
31777071215  1721 1743 1732                                B 28    GOES 3.1E-04
31777071215  2052 2101 2056                                B 21    GOES 9.2E-05
31777071215  2212 2222 2216                                B 12    GOES 6.5E-05
31777071216  0031 0046 0037                                B 14    GOES 1.1E-04
31777071216  0349 0403 0355                                C 12    GOES 6.9E-04
31777071216  0620 0625 0623                                B 18    GOES 4.7E-05
31777071216  0836 0842 0840                                B 14    GOES 3.8E-05
31777071216  1555 1602 1559                                B 14    GOES 5.4E-05
31777071216  2027 2035 2031                                B 17    GOES 6.7E-05
31777071216  2216 2227 2221                                B 12    GOES 7.3E-05
31777071217  0010 0052 0047                                B 37    GOES 4.5E-04
31777071217  0218 0226 0222                                B 15    GOES 6.1E-05
31777071217  0328 0355 0335                                B 26    GOES 3.7E-04
31777071217  0554 0607 0601                                B 25    GOES 1.7E-04
31777071217  0647 0726 0716 S09W75SF                       C 22    GOES 2.1E-03 10978
31403071217  0712 0730 0714 S09W75SFE       25                     LEAR2FE      10978 071211.7 01050
31403071217  0730 0739 0731 S10W78SFE       31                     LEAR2FE      10978 071211.4 01060
31777071217  1802 1843 1828                                B 54    GOES 9.1E-04
31777071217  2030 2037 2035                                B 38    GOES 1.2E-04
31777071217  2058 2105 2101                                B 16    GOES 6.2E-05
31777071217  2106 2113 2110                                B 43    GOES 1.2E-04
31777071217  2120 2131 2125                                B 36    GOES 1.6E-04
31777071217  2226 2311 2307                                B 89    GOES 1.2E-03
31777071217  2353 0014 0004                                B 57    GOES 5.9E-04
31777071218  0107 0116 0112                                B 79    GOES 2.6E-04
31777071218  0130 0136 0134                                B 24    GOES 6.6E-05
31777071218  0234 0239 0237                                B 19    GOES 4.4E-05
31777071218  0246 0254 0250                                B 14    GOES 6.3E-05
31777071218  0342 0348 0345                                B 13    GOES 3.9E-05
31777071218  0349 0355 0353                                B 15    GOES 4.5E-05
31777071218  0425 0431 0429                                B 22    GOES 5.4E-05
31777071218  0633 0653 0643                                B 36    GOES 3.3E-04
31777071218  0654 0708 0701                                B 38    GOES 2.8E-04
31777071218  0855 0910 0900                                B 18    GOES 1.5E-04
31777071218  0936 0944 0940                                B 29    GOES 9.9E-05
31777071218  0954 1003 1000                                B 25    GOES 1.1E-04
31777071218  1028 1044 1038                                B 15    GOES 1.3E-04
31777071218  1308 1329 1320                                C 21    GOES 1.7E-03
31777071218  1430 1438 1434                                B 63    GOES 2.6E-04
31777071218  1447 1456 1452                                C 11    GOES 4.5E-04
31777071218  1518 1539 1524 S06W90SF                       B 84    GOES 7.8E-04 10978
31649071218  1524 1529 1524 S06W90SFE       32                     HOLL3        10978 071211.9 01070
31777071218  1741 1752 1747                                B 57    GOES 2.9E-04
31777071218  1818 1827 1822                                B 58    GOES 2.7E-04
31777071218  1827 1834 1831                                B 76    GOES 2.7E-04
31777071218  1907 1921 1915                                C 16    GOES 9.5E-04
31777071218  2235 2242 2239                                B 22    GOES 7.6E-05
31777071219  0036 0053 0046                                B 54    GOES 3.4E-04
31777071219  0137 0146 0143                                B 21    GOES 8.8E-05
31777071219  0301 0311 0305                                B 20    GOES 1.0E-04
31777071219  0630 0753 0732                                B 29    GOES 8.1E-04
31777071230  1932 2019 2005                                C 17    GOES 2.7E-03
31777071231  0037 0138 0111                                C 83    GOES 2.1E-02
31777071231  1158 1207 1202                                B 15    GOES 7.1E-05
31777071231  1258 1310 1305                                B 38    GOES 2.5E-04
31777071231  1956 2004 1959                                B 10    GOES 4.5E-05
